(1, 4)
(1, 10)
(1, 13)
(1, 14)
(1, 17)
(1, 19)
(1, 24)
(1, 29)
(1, 30)
(1, 31)
(1, 32)
(1, 35)
(1, 38)
(1, 39)
(1, 40)
(1, 42)
(1, 46)
(1, 48)
(1, 49)
(1, 53)
(1, 55)
(1, 57)
(1, 61)
(1, 63)
(1, 64)
(1, 66)
(1, 67)
(1, 70)
(1, 71)
(1, 72)
(1, 73)
(1, 74)
(1, 76)
(1, 77)
(1, 83)
(1, 87)
(1, 88)
(1, 96)
(1, 100)
(1, 106)
(1, 109)
(1, 110)
(1, 111)
(1, 112)
(1, 115)
(1, 116)
(1, 118)
(1, 119)
(1, 120)
(1, 122)
(1, 123)
(1, 126)
(1, 127)
(1, 128)
(1, 130)
(1, 131)
(1, 134)
(1, 135)
(1, 136)
(1, 138)
(1, 141)
(1, 142)
(1, 147)
(1, 148)
(1, 150)
(1, 152)
(1, 153)
(1, 154)
(1, 158)
(1, 162)
(1, 166)
(1, 169)
(1, 170)
(1, 173)
(1, 176)
(1, 181)
(1, 182)
(1, 184)
(1, 186)
(1, 188)
(1, 189)
(1, 190)
(1, 191)
(1, 192)
(1, 193)
(1, 194)
(1, 195)
(1, 196)
(1, 198)
(1, 199)
(1, 200)
(1, 201)
(1, 205)
(1, 210)
(1, 211)
(1, 214)
(1, 221)
(1, 227)
(1, 234)
(1, 237)
(1, 240)
(1, 241)
(1, 243)
(1, 244)
(1, 247)
(1, 249)
(1, 251)
(1, 252)
(1, 253)
(1, 255)
(1, 256)
(1, 260)
(1, 262)
(1, 264)
(1, 265)
(1, 267)
(1, 269)
(1, 270)
(1, 271)
(1, 275)
(1, 279)
(1, 280)
(1, 283)
(1, 284)
(1, 285)
(1, 288)
(1, 290)
(1, 292)
(1, 296)
(1, 299)
(1, 300)
(1, 303)
(1, 304)
(1, 306)
(1, 307)
(1, 309)
(1, 310)
(1, 313)
(1, 314)
(1, 324)
(1, 325)
(1, 326)
(1, 327)
(1, 328)
(1, 330)
(1, 331)
(1, 334)
(1, 335)
(1, 336)
(1, 339)
(1, 340)
(1, 342)
(1, 351)
(1, 352)
(1, 353)
(1, 355)
(1, 357)
(1, 362)
(1, 363)
(1, 364)
(1, 365)
(1, 370)
(1, 372)
(1, 378)
(1, 379)
(1, 381)
(1, 385)
(1, 386)
(1, 388)
(1, 390)
(1, 391)
(1, 392)
(1, 393)
(1, 394)
(1, 401)
(1, 404)
(1, 408)
(1, 411)
(1, 417)
(1, 418)
(1, 419)
(1, 421)
(1, 423)
(1, 425)
(1, 428)
(1, 431)
(1, 433)
(1, 434)
(1, 437)
(1, 439)
(1, 440)
(1, 441)
(1, 445)
(1, 451)
(1, 455)
(1, 457)
(1, 458)
(1, 462)
(1, 463)
(1, 466)
(1, 472)
(1, 473)
(1, 474)
(1, 476)
(1, 483)
(1, 485)
(1, 486)
(1, 489)
(1, 495)
(1, 498)
(1, 500)
(1, 501)
(1, 502)
(1, 505)
(1, 513)
(1, 515)
(1, 516)
(1, 518)
(1, 521)
(1, 524)
(1, 527)
(1, 529)
(1, 530)
(1, 532)
(1, 534)
(1, 537)
(1, 542)
(1, 550)
(1, 552)
(1, 556)
(1, 558)
(1, 561)
(1, 563)
(1, 564)
(1, 565)
(1, 566)
(1, 567)
(1, 568)
(1, 570)
(1, 572)
(1, 576)
(1, 580)
(1, 581)
(1, 585)
(1, 586)
(1, 587)
(1, 589)
(1, 591)
(1, 592)
(1, 594)
(1, 596)
(1, 597)
(1, 598)
(1, 600)
(1, 602)
(1, 603)
(1, 604)
(1, 605)
(1, 606)
(1, 608)
(1, 609)
(1, 610)
(1, 611)
(1, 612)
(1, 614)
(1, 616)
(1, 617)
(1, 619)
(1, 620)
(1, 622)
(1, 623)
(1, 625)
(1, 627)
(1, 629)
(1, 631)
(1, 633)
(1, 635)
(1, 638)
(1, 639)
(1, 650)
(1, 651)
(1, 652)
(1, 654)
(1, 658)
(1, 663)
(1, 665)
(1, 668)
(1, 671)
(1, 672)
(1, 679)
(1, 683)
(1, 686)
(1, 687)
(1, 688)
(1, 690)
(1, 695)
(1, 697)
(1, 708)
(1, 709)
(1, 716)
(1, 718)
(1, 723)
(1, 726)
(1, 727)
(1, 731)
(1, 732)
(1, 735)
(1, 738)
(1, 740)
(1, 741)
(1, 743)
(1, 744)
(1, 745)
(1, 750)
(1, 751)
(1, 755)
(1, 756)
(1, 757)
(1, 759)
(1, 761)
(1, 762)
(1, 768)
(1, 770)
(1, 772)
(1, 778)
(1, 780)
(1, 781)
(1, 786)
(1, 789)
(1, 792)
(1, 798)
(1, 800)
(1, 801)
(1, 802)
(1, 807)
(1, 808)
(1, 809)
(1, 813)
(1, 815)
(1, 819)
(1, 821)
(1, 823)
(1, 828)
(1, 829)
(1, 830)
(1, 832)
(1, 833)
(1, 834)
(1, 835)
(1, 837)
(1, 838)
(1, 842)
(1, 844)
(1, 845)
(1, 846)
(1, 847)
(1, 849)
(1, 850)
(1, 855)
(1, 857)
(1, 858)
(1, 860)
(1, 862)
(1, 873)
(1, 874)
(1, 877)
(1, 878)
(1, 879)
(1, 881)
(1, 884)
(1, 885)
(1, 886)
(1, 887)
(1, 898)
(1, 899)
(1, 900)
(1, 903)
(1, 909)
(1, 910)
(1, 913)
(1, 914)
(1, 922)
(1, 923)
(1, 924)
(1, 925)
(1, 926)
(1, 927)
(1, 928)
(1, 929)
(1, 930)
(1, 933)
(1, 937)
(1, 938)
(1, 949)
(1, 950)
(1, 957)
(1, 959)
(1, 960)
(1, 961)
(1, 963)
(1, 964)
(1, 967)
(1, 970)
(1, 976)
(1, 981)
(1, 982)
(1, 983)
(1, 984)
(1, 985)
(1, 992)
(1, 993)
(1, 997)
(1, 1002)
(1, 1005)
(1, 1009)
(1, 1010)
(1, 1012)
(1, 1014)
(1, 1017)
(1, 1019)
(1, 1023)
(1, 1024)
(1, 1025)
(1, 1026)
(1, 1028)
(1, 1029)
(1, 1030)
(1, 1031)
(1, 1033)
(1, 1035)
(1, 1036)
(1, 1037)
(1, 1039)
(1, 1040)
(1, 1041)
(1, 1048)
(1, 1049)
(1, 1052)
(1, 1055)
(1, 1057)
(1, 1060)
(1, 1062)
(1, 1063)
(1, 1068)
(1, 1073)
(1, 1076)
(1, 1078)
(1, 1079)
(1, 1080)
(1, 1082)
(1, 1089)
(1, 1090)
(1, 1092)
(1, 1094)
(1, 1095)
(1, 1097)
(1, 1098)
(1, 1099)
(1, 1101)
(1, 1102)
(1, 1103)
(1, 1107)
(1, 1109)
(1, 1111)
(1, 1114)
(1, 1115)
(1, 1117)
(1, 1121)
(1, 1124)
(1, 1125)
(1, 1126)
(1, 1129)
(1, 1133)
(1, 1134)
(1, 1136)
(1, 1137)
(1, 1140)
(1, 1142)
(1, 1143)
(1, 1154)
(1, 1155)
(1, 1160)
(1, 1169)
(1, 1172)
(1, 1173)
(1, 1176)
(1, 1177)
(1, 1178)
(1, 1180)
(1, 1182)
(1, 1183)
(1, 1187)
(1, 1188)
(1, 1193)
(1, 1194)
(1, 1196)
(1, 1201)
(1, 1205)
(1, 1207)
(1, 1208)
(1, 1210)
(1, 1211)
(1, 1213)
(1, 1216)
(1, 1218)
(1, 1221)
(1, 1222)
(1, 1223)
(1, 1225)
(1, 1226)
(1, 1228)
(1, 1230)
(1, 1231)
(1, 1232)
(1, 1233)
(1, 1236)
(1, 1237)
(1, 1239)
(1, 1248)
(1, 1250)
(1, 1259)
(1, 1260)
(1, 1261)
(1, 1268)
(1, 1271)
(1, 1274)
(1, 1275)
(1, 1277)
(1, 1280)
(1, 1281)
(1, 1283)
(1, 1284)
(1, 1285)
(1, 1286)
(1, 1287)
(1, 1290)
(1, 1297)
(1, 1298)
(1, 1300)
(1, 1302)
(1, 1303)
(1, 1305)
(1, 1312)
(1, 1317)
(1, 1319)
(1, 1321)
(1, 1323)
(1, 1331)
(1, 1336)
(1, 1339)
(1, 1343)
(1, 1347)
(1, 1349)
(1, 1352)
(1, 1353)
(1, 1354)
(1, 1357)
(1, 1358)
(1, 1359)
(1, 1360)
(1, 1361)
(1, 1363)
(1, 1364)
(1, 1365)
(1, 1366)
(1, 1369)
(1, 1371)
(1, 1372)
(1, 1373)
(1, 1376)
(1, 1378)
(1, 1379)
(1, 1381)
(1, 1382)
(1, 1383)
(1, 1387)
(1, 1390)
(1, 1391)
(1, 1393)
(1, 1394)
(1, 1406)
(1, 1407)
(1, 1410)
(1, 1411)
(1, 1412)
(1, 1414)
(1, 1416)
(1, 1417)
(1, 1418)
(1, 1420)
(1, 1421)
(1, 1425)
(1, 1429)
(1, 1430)
(1, 1432)
(1, 1433)
(1, 1434)
(1, 1435)
(1, 1437)
(1, 1438)
(1, 1439)
(1, 1440)
(1, 1443)
(1, 1449)
(1, 1453)
(1, 1454)
(1, 1455)
(1, 1456)
(1, 1458)
(1, 1460)
(1, 1462)
(1, 1464)
(1, 1466)
(1, 1467)
(1, 1471)
(1, 1474)
(1, 1479)
(1, 1482)
(1, 1485)
(1, 1487)
(1, 1490)
(1, 1491)
(1, 1492)
(1, 1493)
(1, 1501)
(1, 1502)
(1, 1505)
(1, 1506)
(1, 1508)
(1, 1511)
(1, 1514)
(1, 1515)
(1, 1517)
(1, 1519)
(1, 1523)
(1, 1524)
(1, 1528)
(1, 1529)
(1, 1531)
(1, 1534)
(1, 1536)
(1, 1538)
(1, 1539)
(1, 1547)
(1, 1551)
(1, 1557)
(1, 1559)
(1, 1562)
(1, 1565)
(1, 1567)
(1, 1571)
(1, 1573)
(1, 1574)
(1, 1575)
(1, 1578)
(1, 1580)
(1, 1582)
(1, 1585)
(1, 1586)
(1, 1589)
(1, 1593)
(1, 1597)
(1, 1598)
(1, 1599)
(1, 1600)
(1, 1602)
(1, 1603)
(1, 1604)
(1, 1608)
(1, 1613)
(1, 1622)
(1, 1625)
(1, 1626)
(1, 1627)
(1, 1629)
(1, 1630)
(1, 1631)
(1, 1635)
(1, 1637)
(1, 1642)
(1, 1646)
(1, 1648)
(1, 1650)
(1, 1651)
(1, 1655)
(1, 1660)
(1, 1662)
(1, 1663)
(1, 1665)
(1, 1666)
(1, 1671)
(1, 1676)
(1, 1677)
(1, 1678)
(1, 1683)
(1, 1684)
(1, 1694)
(1, 1696)
(1, 1699)
(1, 1700)
(1, 1701)
(1, 1705)
(1, 1708)
(1, 1710)
(1, 1711)
(1, 1715)
(1, 1718)
(1, 1722)
(1, 1723)
(1, 1725)
(1, 1727)
(1, 1729)
(1, 1730)
(1, 1731)
(1, 1732)
(1, 1733)
(1, 1734)
(1, 1735)
(1, 1736)
(1, 1737)
(1, 1738)
(1, 1739)
(1, 1740)
(1, 1741)
(1, 1745)
(1, 1748)
(1, 1753)
(1, 1754)
(1, 1755)
(1, 1757)
(1, 1759)
(1, 1761)
(1, 1762)
(1, 1763)
(1, 1765)
(1, 1767)
(1, 1772)
(1, 1773)
(1, 1775)
(1, 1776)
(1, 1779)
(1, 1781)
(1, 1786)
(1, 1787)
(1, 1789)
(1, 1796)
(1, 1797)
(1, 1799)
(1, 1803)
(1, 1804)
(1, 1805)
(1, 1807)
(1, 1808)
(1, 1810)
(1, 1811)
(1, 1813)
(1, 1814)
(1, 1815)
(1, 1818)
(1, 1825)
(1, 1827)
(1, 1831)
(1, 1832)
(1, 1833)
(1, 1834)
(1, 1836)
(1, 1839)
(1, 1840)
(1, 1841)
(1, 1842)
(1, 1843)
(1, 1844)
(1, 1845)
(1, 1848)
(1, 1849)
(1, 1850)
(1, 1851)
(1, 1853)
(1, 1854)
(1, 1856)
(1, 1858)
(1, 1859)
(1, 1862)
(1, 1863)
(1, 1864)
(1, 1866)
(1, 1867)
(1, 1870)
(1, 1876)
(1, 1877)
(1, 1878)
(1, 1880)
(1, 1881)
(1, 1882)
(1, 1889)
(1, 1890)
(1, 1892)
(1, 1898)
(1, 1899)
(1, 1901)
(1, 1909)
(1, 1910)
(1, 1911)
(1, 1912)
(1, 1913)
(1, 1914)
(1, 1915)
(1, 1916)
(1, 1920)
(1, 1922)
(1, 1923)
(1, 1924)
(1, 1926)
(1, 1934)
(1, 1937)
(1, 1938)
(1, 1940)
(1, 1943)
(1, 1947)
(1, 1948)
(1, 1949)
(1, 1950)
(1, 1953)
(1, 1956)
(1, 1957)
(1, 1958)
(1, 1959)
(1, 1962)
(1, 1963)
(1, 1965)
(1, 1966)
(1, 1968)
(1, 1972)
(1, 1973)
(1, 1975)
(1, 1976)
(1, 1977)
(1, 1978)
(1, 1982)
(1, 1985)
(1, 1987)
(1, 1988)
(1, 1990)
(1, 1991)
(1, 1995)
(1, 1996)
(1, 1998)
(2, 1)
(2, 2)
(2, 3)
(2, 5)
(2, 8)
(2, 12)
(2, 13)
(2, 15)
(2, 16)
(2, 24)
(2, 26)
(2, 30)
(2, 32)
(2, 33)
(2, 35)
(2, 36)
(2, 37)
(2, 38)
(2, 40)
(2, 41)
(2, 43)
(2, 44)
(2, 45)
(2, 46)
(2, 47)
(2, 48)
(2, 51)
(2, 52)
(2, 53)
(2, 55)
(2, 56)
(2, 57)
(2, 58)
(2, 62)
(2, 63)
(2, 64)
(2, 68)
(2, 69)
(2, 71)
(2, 73)
(2, 76)
(2, 78)
(2, 80)
(2, 86)
(2, 90)
(2, 91)
(2, 94)
(2, 96)
(2, 98)
(2, 99)
(2, 104)
(2, 105)
(2, 106)
(2, 113)
(2, 115)
(2, 116)
(2, 117)
(2, 120)
(2, 130)
(2, 133)
(2, 135)
(2, 136)
(2, 145)
(2, 146)
(2, 147)
(2, 151)
(2, 152)
(2, 153)
(2, 154)
(2, 155)
(2, 159)
(2, 163)
(2, 164)
(2, 167)
(2, 170)
(2, 171)
(2, 172)
(2, 173)
(2, 176)
(2, 178)
(2, 179)
(2, 181)
(2, 185)
(2, 187)
(2, 189)
(2, 190)
(2, 191)
(2, 192)
(2, 194)
(2, 196)
(2, 197)
(2, 200)
(2, 201)
(2, 204)
(2, 206)
(2, 211)
(2, 218)
(2, 220)
(2, 225)
(2, 226)
(2, 228)
(2, 230)
(2, 231)
(2, 233)
(2, 235)
(2, 239)
(2, 240)
(2, 241)
(2, 242)
(2, 243)
(2, 247)
(2, 254)
(2, 255)
(2, 262)
(2, 266)
(2, 268)
(2, 270)
(2, 272)
(2, 273)
(2, 275)
(2, 279)
(2, 283)
(2, 284)
(2, 287)
(2, 289)
(2, 295)
(2, 298)
(2, 299)
(2, 300)
(2, 301)
(2, 306)
(2, 307)
(2, 308)
(2, 311)
(2, 314)
(2, 317)
(2, 319)
(2, 321)
(2, 326)
(2, 331)
(2, 338)
(2, 343)
(2, 345)
(2, 349)
(2, 351)
(2, 352)
(2, 357)
(2, 359)
(2, 367)
(2, 368)
(2, 369)
(2, 371)
(2, 373)
(2, 374)
(2, 375)
(2, 377)
(2, 378)
(2, 383)
(2, 385)
(2, 386)
(2, 389)
(2, 391)
(2, 392)
(2, 394)
(2, 396)
(2, 398)
(2, 399)
(2, 401)
(2, 404)
(2, 408)
(2, 409)
(2, 411)
(2, 412)
(2, 413)
(2, 415)
(2, 418)
(2, 419)
(2, 420)
(2, 421)
(2, 422)
(2, 424)
(2, 425)
(2, 431)
(2, 433)
(2, 434)
(2, 436)
(2, 438)
(2, 439)
(2, 440)
(2, 441)
(2, 445)
(2, 446)
(2, 451)
(2, 453)
(2, 455)
(2, 456)
(2, 460)
(2, 465)
(2, 470)
(2, 472)
(2, 474)
(2, 476)
(2, 477)
(2, 478)
(2, 479)
(2, 480)
(2, 481)
(2, 484)
(2, 486)
(2, 489)
(2, 490)
(2, 491)
(2, 494)
(2, 496)
(2, 500)
(2, 503)
(2, 511)
(2, 512)
(2, 513)
(2, 514)
(2, 516)
(2, 518)
(2, 523)
(2, 524)
(2, 527)
(2, 528)
(2, 530)
(2, 532)
(2, 534)
(2, 542)
(2, 545)
(2, 548)
(2, 556)
(2, 558)
(2, 559)
(2, 560)
(2, 561)
(2, 563)
(2, 564)
(2, 569)
(2, 570)
(2, 572)
(2, 574)
(2, 575)
(2, 576)
(2, 577)
(2, 578)
(2, 580)
(2, 583)
(2, 584)
(2, 589)
(2, 591)
(2, 592)
(2, 593)
(2, 595)
(2, 598)
(2, 600)
(2, 603)
(2, 604)
(2, 606)
(2, 607)
(2, 610)
(2, 612)
(2, 614)
(2, 615)
(2, 618)
(2, 623)
(2, 624)
(2, 627)
(2, 630)
(2, 631)
(2, 636)
(2, 637)
(2, 640)
(2, 641)
(2, 645)
(2, 647)
(2, 648)
(2, 650)
(2, 652)
(2, 654)
(2, 655)
(2, 659)
(2, 661)
(2, 665)
(2, 671)
(2, 672)
(2, 674)
(2, 675)
(2, 677)
(2, 679)
(2, 680)
(2, 691)
(2, 694)
(2, 695)
(2, 698)
(2, 699)
(2, 700)
(2, 701)
(2, 703)
(2, 708)
(2, 709)
(2, 710)
(2, 711)
(2, 712)
(2, 713)
(2, 715)
(2, 716)
(2, 717)
(2, 718)
(2, 720)
(2, 721)
(2, 722)
(2, 723)
(2, 727)
(2, 728)
(2, 729)
(2, 730)
(2, 735)
(2, 737)
(2, 738)
(2, 740)
(2, 741)
(2, 743)
(2, 744)
(2, 745)
(2, 748)
(2, 750)
(2, 752)
(2, 754)
(2, 760)
(2, 762)
(2, 765)
(2, 766)
(2, 767)
(2, 770)
(2, 772)
(2, 776)
(2, 777)
(2, 779)
(2, 780)
(2, 782)
(2, 783)
(2, 784)
(2, 785)
(2, 789)
(2, 794)
(2, 798)
(2, 799)
(2, 802)
(2, 807)
(2, 811)
(2, 813)
(2, 815)
(2, 816)
(2, 817)
(2, 818)
(2, 819)
(2, 820)
(2, 823)
(2, 825)
(2, 826)
(2, 827)
(2, 828)
(2, 829)
(2, 830)
(2, 831)
(2, 832)
(2, 833)
(2, 835)
(2, 836)
(2, 837)
(2, 839)
(2, 841)
(2, 842)
(2, 843)
(2, 845)
(2, 847)
(2, 850)
(2, 852)
(2, 853)
(2, 857)
(2, 858)
(2, 861)
(2, 863)
(2, 864)
(2, 865)
(2, 866)
(2, 868)
(2, 869)
(2, 871)
(2, 872)
(2, 873)
(2, 878)
(2, 879)
(2, 881)
(2, 882)
(2, 887)
(2, 889)
(2, 892)
(2, 894)
(2, 896)
(2, 897)
(2, 898)
(2, 899)
(2, 900)
(2, 902)
(2, 903)
(2, 906)
(2, 913)
(2, 916)
(2, 918)
(2, 922)
(2, 923)
(2, 924)
(2, 926)
(2, 929)
(2, 931)
(2, 932)
(2, 935)
(2, 938)
(2, 942)
(2, 943)
(2, 947)
(2, 949)
(2, 952)
(2, 953)
(2, 955)
(2, 959)
(2, 961)
(2, 964)
(2, 966)
(2, 968)
(2, 969)
(2, 972)
(2, 978)
(2, 979)
(2, 981)
(2, 982)
(2, 983)
(2, 985)
(2, 986)
(2, 987)
(2, 988)
(2, 989)
(2, 992)
(2, 994)
(2, 995)
(2, 996)
(2, 999)
(2, 1000)
(2, 1001)
(2, 1009)
(2, 1010)
(2, 1013)
(2, 1016)
(2, 1017)
(2, 1020)
(2, 1021)
(2, 1024)
(2, 1026)
(2, 1032)
(2, 1036)
(2, 1041)
(2, 1043)
(2, 1046)
(2, 1050)
(2, 1053)
(2, 1055)
(2, 1057)
(2, 1058)
(2, 1061)
(2, 1062)
(2, 1063)
(2, 1065)
(2, 1078)
(2, 1079)
(2, 1093)
(2, 1095)
(2, 1096)
(2, 1099)
(2, 1106)
(2, 1109)
(2, 1116)
(2, 1120)
(2, 1122)
(2, 1125)
(2, 1127)
(2, 1132)
(2, 1135)
(2, 1136)
(2, 1137)
(2, 1141)
(2, 1142)
(2, 1143)
(2, 1144)
(2, 1145)
(2, 1148)
(2, 1150)
(2, 1154)
(2, 1157)
(2, 1159)
(2, 1164)
(2, 1166)
(2, 1172)
(2, 1174)
(2, 1180)
(2, 1181)
(2, 1182)
(2, 1183)
(2, 1184)
(2, 1186)
(2, 1187)
(2, 1189)
(2, 1192)
(2, 1195)
(2, 1196)
(2, 1198)
(2, 1200)
(2, 1202)
(2, 1204)
(2, 1208)
(2, 1209)
(2, 1212)
(2, 1223)
(2, 1226)
(2, 1227)
(2, 1228)
(2, 1231)
(2, 1241)
(2, 1244)
(2, 1245)
(2, 1246)
(2, 1250)
(2, 1251)
(2, 1252)
(2, 1253)
(2, 1254)
(2, 1257)
(2, 1259)
(2, 1260)
(2, 1261)
(2, 1262)
(2, 1263)
(2, 1265)
(2, 1274)
(2, 1281)
(2, 1283)
(2, 1284)
(2, 1285)
(2, 1286)
(2, 1287)
(2, 1291)
(2, 1293)
(2, 1294)
(2, 1295)
(2, 1296)
(2, 1298)
(2, 1299)
(2, 1300)
(2, 1301)
(2, 1302)
(2, 1306)
(2, 1307)
(2, 1309)
(2, 1310)
(2, 1311)
(2, 1312)
(2, 1315)
(2, 1317)
(2, 1321)
(2, 1323)
(2, 1324)
(2, 1327)
(2, 1328)
(2, 1330)
(2, 1332)
(2, 1333)
(2, 1334)
(2, 1338)
(2, 1341)
(2, 1342)
(2, 1343)
(2, 1349)
(2, 1350)
(2, 1354)
(2, 1355)
(2, 1358)
(2, 1361)
(2, 1362)
(2, 1364)
(2, 1367)
(2, 1368)
(2, 1371)
(2, 1372)
(2, 1374)
(2, 1381)
(2, 1386)
(2, 1387)
(2, 1390)
(2, 1391)
(2, 1393)
(2, 1394)
(2, 1397)
(2, 1398)
(2, 1399)
(2, 1404)
(2, 1406)
(2, 1407)
(2, 1412)
(2, 1413)
(2, 1414)
(2, 1416)
(2, 1417)
(2, 1421)
(2, 1422)
(2, 1423)
(2, 1425)
(2, 1427)
(2, 1430)
(2, 1431)
(2, 1434)
(2, 1435)
(2, 1436)
(2, 1437)
(2, 1439)
(2, 1440)
(2, 1442)
(2, 1446)
(2, 1447)
(2, 1454)
(2, 1461)
(2, 1463)
(2, 1466)
(2, 1468)
(2, 1471)
(2, 1472)
(2, 1474)
(2, 1483)
(2, 1486)
(2, 1493)
(2, 1494)
(2, 1495)
(2, 1498)
(2, 1499)
(2, 1503)
(2, 1504)
(2, 1511)
(2, 1514)
(2, 1517)
(2, 1519)
(2, 1520)
(2, 1521)
(2, 1524)
(2, 1526)
(2, 1529)
(2, 1532)
(2, 1533)
(2, 1538)
(2, 1539)
(2, 1541)
(2, 1543)
(2, 1545)
(2, 1546)
(2, 1547)
(2, 1549)
(2, 1551)
(2, 1555)
(2, 1561)
(2, 1562)
(2, 1566)
(2, 1569)
(2, 1570)
(2, 1572)
(2, 1574)
(2, 1575)
(2, 1577)
(2, 1578)
(2, 1579)
(2, 1581)
(2, 1583)
(2, 1584)
(2, 1591)
(2, 1598)
(2, 1600)
(2, 1601)
(2, 1602)
(2, 1603)
(2, 1607)
(2, 1614)
(2, 1616)
(2, 1618)
(2, 1619)
(2, 1623)
(2, 1624)
(2, 1625)
(2, 1630)
(2, 1633)
(2, 1637)
(2, 1641)
(2, 1642)
(2, 1645)
(2, 1647)
(2, 1648)
(2, 1652)
(2, 1657)
(2, 1659)
(2, 1665)
(2, 1666)
(2, 1668)
(2, 1670)
(2, 1671)
(2, 1675)
(2, 1677)
(2, 1680)
(2, 1681)
(2, 1685)
(2, 1689)
(2, 1691)
(2, 1692)
(2, 1693)
(2, 1694)
(2, 1696)
(2, 1697)
(2, 1700)
(2, 1701)
(2, 1705)
(2, 1706)
(2, 1708)
(2, 1710)
(2, 1711)
(2, 1713)
(2, 1716)
(2, 1717)
(2, 1723)
(2, 1724)
(2, 1726)
(2, 1728)
(2, 1730)
(2, 1732)
(2, 1736)
(2, 1739)
(2, 1740)
(2, 1741)
(2, 1742)
(2, 1743)
(2, 1744)
(2, 1746)
(2, 1748)
(2, 1752)
(2, 1753)
(2, 1760)
(2, 1762)
(2, 1763)
(2, 1767)
(2, 1769)
(2, 1771)
(2, 1775)
(2, 1776)
(2, 1777)
(2, 1778)
(2, 1781)
(2, 1785)
(2, 1786)
(2, 1787)
(2, 1788)
(2, 1790)
(2, 1793)
(2, 1795)
(2, 1800)
(2, 1805)
(2, 1808)
(2, 1809)
(2, 1810)
(2, 1811)
(2, 1813)
(2, 1814)
(2, 1816)
(2, 1819)
(2, 1820)
(2, 1821)
(2, 1823)
(2, 1824)
(2, 1826)
(2, 1828)
(2, 1829)
(2, 1830)
(2, 1835)
(2, 1837)
(2, 1842)
(2, 1845)
(2, 1846)
(2, 1849)
(2, 1851)
(2, 1854)
(2, 1857)
(2, 1864)
(2, 1866)
(2, 1871)
(2, 1872)
(2, 1874)
(2, 1878)
(2, 1879)
(2, 1882)
(2, 1884)
(2, 1886)
(2, 1887)
(2, 1888)
(2, 1894)
(2, 1895)
(2, 1901)
(2, 1904)
(2, 1905)
(2, 1907)
(2, 1908)
(2, 1910)
(2, 1912)
(2, 1916)
(2, 1917)
(2, 1920)
(2, 1922)
(2, 1926)
(2, 1927)
(2, 1928)
(2, 1930)
(2, 1934)
(2, 1935)
(2, 1937)
(2, 1942)
(2, 1946)
(2, 1948)
(2, 1950)
(2, 1952)
(2, 1953)
(2, 1954)
(2, 1956)
(2, 1959)
(2, 1960)
(2, 1963)
(2, 1965)
(2, 1967)
(2, 1970)
(2, 1971)
(2, 1975)
(2, 1977)
(2, 1978)
(2, 1980)
(2, 1981)
(2, 1982)
(2, 1983)
(2, 1984)
(2, 1988)
(2, 1989)
(2, 1990)
(2, 1991)
(2, 1994)
(2, 1995)
(2, 1996)
(2, 1997)
(3, 6)
(3, 8)
(3, 9)
(3, 11)
(3, 12)
(3, 14)
(3, 15)
(3, 16)
(3, 18)
(3, 19)
(3, 20)
(3, 25)
(3, 26)
(3, 27)
(3, 30)
(3, 33)
(3, 36)
(3, 40)
(3, 42)
(3, 43)
(3, 45)
(3, 46)
(3, 48)
(3, 51)
(3, 55)
(3, 58)
(3, 59)
(3, 60)
(3, 64)
(3, 66)
(3, 68)
(3, 72)
(3, 73)
(3, 74)
(3, 80)
(3, 81)
(3, 82)
(3, 84)
(3, 95)
(3, 96)
(3, 98)
(3, 100)
(3, 107)
(3, 108)
(3, 110)
(3, 115)
(3, 116)
(3, 120)
(3, 121)
(3, 123)
(3, 127)
(3, 128)
(3, 129)
(3, 133)
(3, 134)
(3, 135)
(3, 137)
(3, 141)
(3, 144)
(3, 145)
(3, 150)
(3, 152)
(3, 155)
(3, 156)
(3, 157)
(3, 158)
(3, 160)
(3, 161)
(3, 162)
(3, 167)
(3, 168)
(3, 182)
(3, 184)
(3, 186)
(3, 187)
(3, 188)
(3, 189)
(3, 191)
(3, 192)
(3, 193)
(3, 196)
(3, 200)
(3, 201)
(3, 202)
(3, 207)
(3, 208)
(3, 210)
(3, 212)
(3, 213)
(3, 216)
(3, 217)
(3, 219)
(3, 220)
(3, 221)
(3, 223)
(3, 224)
(3, 227)
(3, 228)
(3, 230)
(3, 232)
(3, 233)
(3, 234)
(3, 237)
(3, 238)
(3, 240)
(3, 241)
(3, 242)
(3, 245)
(3, 247)
(3, 250)
(3, 253)
(3, 254)
(3, 257)
(3, 262)
(3, 263)
(3, 264)
(3, 266)
(3, 267)
(3, 270)
(3, 272)
(3, 273)
(3, 275)
(3, 282)
(3, 284)
(3, 285)
(3, 288)
(3, 289)
(3, 290)
(3, 291)
(3, 298)
(3, 300)
(3, 302)
(3, 304)
(3, 307)
(3, 308)
(3, 314)
(3, 315)
(3, 316)
(3, 319)
(3, 322)
(3, 326)
(3, 330)
(3, 332)
(3, 333)
(3, 338)
(3, 340)
(3, 343)
(3, 344)
(3, 345)
(3, 349)
(3, 353)
(3, 355)
(3, 358)
(3, 362)
(3, 363)
(3, 364)
(3, 365)
(3, 368)
(3, 369)
(3, 371)
(3, 373)
(3, 375)
(3, 377)
(3, 379)
(3, 382)
(3, 389)
(3, 390)
(3, 396)
(3, 397)
(3, 399)
(3, 401)
(3, 404)
(3, 405)
(3, 406)
(3, 411)
(3, 412)
(3, 421)
(3, 422)
(3, 424)
(3, 426)
(3, 427)
(3, 428)
(3, 429)
(3, 430)
(3, 431)
(3, 432)
(3, 433)
(3, 436)
(3, 437)
(3, 438)
(3, 439)
(3, 443)
(3, 448)
(3, 449)
(3, 453)
(3, 457)
(3, 458)
(3, 460)
(3, 462)
(3, 464)
(3, 468)
(3, 469)
(3, 470)
(3, 472)
(3, 473)
(3, 474)
(3, 478)
(3, 486)
(3, 487)
(3, 488)
(3, 493)
(3, 495)
(3, 499)
(3, 501)
(3, 505)
(3, 506)
(3, 507)
(3, 513)
(3, 514)
(3, 515)
(3, 518)
(3, 519)
(3, 521)
(3, 523)
(3, 525)
(3, 527)
(3, 530)
(3, 532)
(3, 537)
(3, 541)
(3, 549)
(3, 552)
(3, 553)
(3, 558)
(3, 559)
(3, 563)
(3, 564)
(3, 566)
(3, 567)
(3, 568)
(3, 569)
(3, 570)
(3, 571)
(3, 573)
(3, 575)
(3, 578)
(3, 579)
(3, 581)
(3, 582)
(3, 584)
(3, 586)
(3, 587)
(3, 591)
(3, 595)
(3, 599)
(3, 603)
(3, 604)
(3, 606)
(3, 607)
(3, 610)
(3, 612)
(3, 614)
(3, 618)
(3, 620)
(3, 622)
(3, 624)
(3, 625)
(3, 627)
(3, 628)
(3, 629)
(3, 632)
(3, 633)
(3, 636)
(3, 642)
(3, 645)
(3, 649)
(3, 651)
(3, 652)
(3, 655)
(3, 662)
(3, 663)
(3, 666)
(3, 667)
(3, 668)
(3, 669)
(3, 672)
(3, 674)
(3, 676)
(3, 677)
(3, 679)
(3, 680)
(3, 688)
(3, 689)
(3, 690)
(3, 694)
(3, 696)
(3, 697)
(3, 704)
(3, 705)
(3, 708)
(3, 709)
(3, 712)
(3, 714)
(3, 715)
(3, 717)
(3, 718)
(3, 723)
(3, 724)
(3, 727)
(3, 729)
(3, 735)
(3, 739)
(3, 740)
(3, 741)
(3, 743)
(3, 746)
(3, 747)
(3, 750)
(3, 751)
(3, 752)
(3, 753)
(3, 754)
(3, 755)
(3, 756)
(3, 757)
(3, 759)
(3, 761)
(3, 767)
(3, 772)
(3, 773)
(3, 774)
(3, 775)
(3, 777)
(3, 779)
(3, 781)
(3, 782)
(3, 789)
(3, 790)
(3, 793)
(3, 795)
(3, 798)
(3, 800)
(3, 801)
(3, 802)
(3, 808)
(3, 809)
(3, 810)
(3, 811)
(3, 815)
(3, 819)
(3, 824)
(3, 825)
(3, 829)
(3, 831)
(3, 832)
(3, 833)
(3, 837)
(3, 838)
(3, 840)
(3, 843)
(3, 846)
(3, 849)
(3, 851)
(3, 853)
(3, 856)
(3, 861)
(3, 862)
(3, 868)
(3, 869)
(3, 870)
(3, 872)
(3, 878)
(3, 880)
(3, 881)
(3, 882)
(3, 884)
(3, 889)
(3, 890)
(3, 891)
(3, 892)
(3, 899)
(3, 900)
(3, 901)
(3, 902)
(3, 906)
(3, 908)
(3, 909)
(3, 911)
(3, 917)
(3, 919)
(3, 920)
(3, 922)
(3, 923)
(3, 925)
(3, 928)
(3, 929)
(3, 931)
(3, 932)
(3, 935)
(3, 936)
(3, 937)
(3, 938)
(3, 940)
(3, 942)
(3, 943)
(3, 944)
(3, 950)
(3, 954)
(3, 956)
(3, 960)
(3, 964)
(3, 966)
(3, 968)
(3, 970)
(3, 975)
(3, 977)
(3, 978)
(3, 981)
(3, 983)
(3, 984)
(3, 987)
(3, 988)
(3, 990)
(3, 992)
(3, 993)
(3, 994)
(3, 997)
(3, 1000)
(3, 1002)
(3, 1003)
(3, 1007)
(3, 1010)
(3, 1013)
(3, 1014)
(3, 1016)
(3, 1020)
(3, 1021)
(3, 1022)
(3, 1024)
(3, 1027)
(3, 1028)
(3, 1030)
(3, 1031)
(3, 1033)
(3, 1034)
(3, 1035)
(3, 1036)
(3, 1037)
(3, 1040)
(3, 1041)
(3, 1042)
(3, 1045)
(3, 1047)
(3, 1048)
(3, 1050)
(3, 1052)
(3, 1054)
(3, 1056)
(3, 1058)
(3, 1062)
(3, 1063)
(3, 1066)
(3, 1071)
(3, 1074)
(3, 1075)
(3, 1078)
(3, 1079)
(3, 1081)
(3, 1088)
(3, 1089)
(3, 1091)
(3, 1093)
(3, 1094)
(3, 1095)
(3, 1096)
(3, 1098)
(3, 1100)
(3, 1102)
(3, 1104)
(3, 1108)
(3, 1110)
(3, 1115)
(3, 1120)
(3, 1121)
(3, 1124)
(3, 1125)
(3, 1126)
(3, 1129)
(3, 1132)
(3, 1134)
(3, 1137)
(3, 1138)
(3, 1140)
(3, 1143)
(3, 1147)
(3, 1148)
(3, 1149)
(3, 1151)
(3, 1153)
(3, 1162)
(3, 1164)
(3, 1165)
(3, 1167)
(3, 1171)
(3, 1172)
(3, 1174)
(3, 1177)
(3, 1178)
(3, 1179)
(3, 1181)
(3, 1184)
(3, 1187)
(3, 1188)
(3, 1199)
(3, 1201)
(3, 1202)
(3, 1203)
(3, 1206)
(3, 1208)
(3, 1211)
(3, 1216)
(3, 1221)
(3, 1223)
(3, 1224)
(3, 1229)
(3, 1231)
(3, 1232)
(3, 1234)
(3, 1238)
(3, 1240)
(3, 1242)
(3, 1245)
(3, 1246)
(3, 1247)
(3, 1248)
(3, 1250)
(3, 1253)
(3, 1255)
(3, 1258)
(3, 1261)
(3, 1263)
(3, 1264)
(3, 1265)
(3, 1267)
(3, 1268)
(3, 1269)
(3, 1270)
(3, 1271)
(3, 1272)
(3, 1275)
(3, 1276)
(3, 1279)
(3, 1280)
(3, 1284)
(3, 1285)
(3, 1286)
(3, 1287)
(3, 1290)
(3, 1291)
(3, 1292)
(3, 1295)
(3, 1297)
(3, 1300)
(3, 1301)
(3, 1302)
(3, 1303)
(3, 1304)
(3, 1305)
(3, 1308)
(3, 1310)
(3, 1312)
(3, 1315)
(3, 1318)
(3, 1324)
(3, 1326)
(3, 1328)
(3, 1331)
(3, 1333)
(3, 1335)
(3, 1337)
(3, 1341)
(3, 1347)
(3, 1349)
(3, 1351)
(3, 1355)
(3, 1356)
(3, 1359)
(3, 1361)
(3, 1362)
(3, 1363)
(3, 1365)
(3, 1366)
(3, 1367)
(3, 1368)
(3, 1371)
(3, 1372)
(3, 1373)
(3, 1379)
(3, 1381)
(3, 1382)
(3, 1383)
(3, 1384)
(3, 1386)
(3, 1390)
(3, 1392)
(3, 1396)
(3, 1399)
(3, 1404)
(3, 1405)
(3, 1407)
(3, 1408)
(3, 1415)
(3, 1417)
(3, 1418)
(3, 1420)
(3, 1421)
(3, 1422)
(3, 1425)
(3, 1433)
(3, 1436)
(3, 1442)
(3, 1443)
(3, 1444)
(3, 1446)
(3, 1447)
(3, 1449)
(3, 1451)
(3, 1452)
(3, 1456)
(3, 1459)
(3, 1462)
(3, 1469)
(3, 1470)
(3, 1473)
(3, 1476)
(3, 1478)
(3, 1482)
(3, 1484)
(3, 1488)
(3, 1491)
(3, 1494)
(3, 1496)
(3, 1497)
(3, 1498)
(3, 1501)
(3, 1503)
(3, 1505)
(3, 1506)
(3, 1510)
(3, 1511)
(3, 1514)
(3, 1515)
(3, 1518)
(3, 1521)
(3, 1522)
(3, 1525)
(3, 1527)
(3, 1530)
(3, 1531)
(3, 1533)
(3, 1534)
(3, 1541)
(3, 1544)
(3, 1547)
(3, 1548)
(3, 1549)
(3, 1553)
(3, 1554)
(3, 1555)
(3, 1556)
(3, 1557)
(3, 1558)
(3, 1559)
(3, 1561)
(3, 1562)
(3, 1568)
(3, 1569)
(3, 1571)
(3, 1578)
(3, 1579)
(3, 1580)
(3, 1581)
(3, 1582)
(3, 1583)
(3, 1585)
(3, 1591)
(3, 1593)
(3, 1596)
(3, 1598)
(3, 1599)
(3, 1602)
(3, 1604)
(3, 1605)
(3, 1607)
(3, 1608)
(3, 1609)
(3, 1612)
(3, 1614)
(3, 1615)
(3, 1616)
(3, 1617)
(3, 1619)
(3, 1620)
(3, 1623)
(3, 1624)
(3, 1625)
(3, 1626)
(3, 1627)
(3, 1630)
(3, 1634)
(3, 1635)
(3, 1637)
(3, 1642)
(3, 1644)
(3, 1646)
(3, 1651)
(3, 1658)
(3, 1659)
(3, 1660)
(3, 1661)
(3, 1666)
(3, 1671)
(3, 1673)
(3, 1676)
(3, 1686)
(3, 1688)
(3, 1689)
(3, 1693)
(3, 1696)
(3, 1699)
(3, 1700)
(3, 1702)
(3, 1704)
(3, 1708)
(3, 1709)
(3, 1713)
(3, 1715)
(3, 1716)
(3, 1718)
(3, 1721)
(3, 1729)
(3, 1737)
(3, 1739)
(3, 1742)
(3, 1743)
(3, 1745)
(3, 1746)
(3, 1747)
(3, 1752)
(3, 1753)
(3, 1755)
(3, 1757)
(3, 1761)
(3, 1764)
(3, 1765)
(3, 1768)
(3, 1769)
(3, 1770)
(3, 1771)
(3, 1773)
(3, 1780)
(3, 1782)
(3, 1784)
(3, 1785)
(3, 1786)
(3, 1787)
(3, 1792)
(3, 1793)
(3, 1796)
(3, 1798)
(3, 1802)
(3, 1803)
(3, 1804)
(3, 1805)
(3, 1806)
(3, 1808)
(3, 1810)
(3, 1815)
(3, 1820)
(3, 1821)
(3, 1823)
(3, 1826)
(3, 1827)
(3, 1830)
(3, 1831)
(3, 1833)
(3, 1834)
(3, 1837)
(3, 1839)
(3, 1843)
(3, 1852)
(3, 1861)
(3, 1867)
(3, 1868)
(3, 1869)
(3, 1870)
(3, 1873)
(3, 1874)
(3, 1876)
(3, 1878)
(3, 1879)
(3, 1880)
(3, 1886)
(3, 1888)
(3, 1889)
(3, 1895)
(3, 1898)
(3, 1899)
(3, 1900)
(3, 1902)
(3, 1905)
(3, 1908)
(3, 1910)
(3, 1911)
(3, 1912)
(3, 1913)
(3, 1915)
(3, 1919)
(3, 1925)
(3, 1927)
(3, 1930)
(3, 1933)
(3, 1936)
(3, 1937)
(3, 1938)
(3, 1940)
(3, 1946)
(3, 1948)
(3, 1951)
(3, 1953)
(3, 1955)
(3, 1961)
(3, 1962)
(3, 1970)
(3, 1971)
(3, 1973)
(3, 1976)
(3, 1977)
(3, 1980)
(3, 1983)
(3, 1984)
(3, 1985)
(3, 1987)
(3, 1988)
(3, 1990)
(3, 1991)
(3, 1992)
(3, 1994)
(3, 1995)
(3, 1996)
(3, 1999)
(4, 2)
(4, 3)
(4, 4)
(4, 6)
(4, 7)
(4, 10)
(4, 11)
(4, 12)
(4, 20)
(4, 25)
(4, 28)
(4, 29)
(4, 33)
(4, 35)
(4, 41)
(4, 43)
(4, 44)
(4, 45)
(4, 46)
(4, 47)
(4, 50)
(4, 51)
(4, 52)
(4, 55)
(4, 56)
(4, 57)
(4, 60)
(4, 64)
(4, 70)
(4, 75)
(4, 78)
(4, 79)
(4, 82)
(4, 83)
(4, 87)
(4, 88)
(4, 89)
(4, 94)
(4, 95)
(4, 96)
(4, 98)
(4, 99)
(4, 104)
(4, 107)
(4, 110)
(4, 112)
(4, 114)
(4, 116)
(4, 118)
(4, 121)
(4, 122)
(4, 124)
(4, 126)
(4, 128)
(4, 129)
(4, 134)
(4, 139)
(4, 140)
(4, 143)
(4, 144)
(4, 148)
(4, 149)
(4, 155)
(4, 158)
(4, 160)
(4, 162)
(4, 163)
(4, 167)
(4, 175)
(4, 177)
(4, 179)
(4, 182)
(4, 186)
(4, 190)
(4, 191)
(4, 192)
(4, 195)
(4, 198)
(4, 199)
(4, 203)
(4, 204)
(4, 205)
(4, 206)
(4, 209)
(4, 210)
(4, 211)
(4, 213)
(4, 216)
(4, 218)
(4, 220)
(4, 222)
(4, 223)
(4, 224)
(4, 231)
(4, 233)
(4, 237)
(4, 238)
(4, 240)
(4, 246)
(4, 248)
(4, 250)
(4, 251)
(4, 252)
(4, 254)
(4, 256)
(4, 257)
(4, 258)
(4, 259)
(4, 262)
(4, 264)
(4, 267)
(4, 272)
(4, 275)
(4, 276)
(4, 277)
(4, 279)
(4, 280)
(4, 281)
(4, 282)
(4, 285)
(4, 286)
(4, 288)
(4, 290)
(4, 291)
(4, 293)
(4, 294)
(4, 295)
(4, 296)
(4, 297)
(4, 306)
(4, 307)
(4, 309)
(4, 310)
(4, 312)
(4, 315)
(4, 317)
(4, 318)
(4, 320)
(4, 322)
(4, 323)
(4, 330)
(4, 332)
(4, 333)
(4, 334)
(4, 336)
(4, 338)
(4, 340)
(4, 342)
(4, 343)
(4, 344)
(4, 347)
(4, 348)
(4, 353)
(4, 355)
(4, 356)
(4, 357)
(4, 358)
(4, 360)
(4, 362)
(4, 363)
(4, 365)
(4, 366)
(4, 370)
(4, 375)
(4, 379)
(4, 380)
(4, 385)
(4, 391)
(4, 392)
(4, 393)
(4, 396)
(4, 398)
(4, 399)
(4, 401)
(4, 402)
(4, 404)
(4, 405)
(4, 408)
(4, 412)
(4, 415)
(4, 418)
(4, 420)
(4, 427)
(4, 428)
(4, 430)
(4, 434)
(4, 435)
(4, 438)
(4, 440)
(4, 441)
(4, 442)
(4, 447)
(4, 449)
(4, 457)
(4, 458)
(4, 459)
(4, 467)
(4, 470)
(4, 472)
(4, 473)
(4, 477)
(4, 479)
(4, 480)
(4, 484)
(4, 486)
(4, 487)
(4, 489)
(4, 490)
(4, 492)
(4, 493)
(4, 495)
(4, 499)
(4, 500)
(4, 501)
(4, 506)
(4, 515)
(4, 516)
(4, 517)
(4, 520)
(4, 522)
(4, 525)
(4, 527)
(4, 528)
(4, 531)
(4, 536)
(4, 537)
(4, 538)
(4, 541)
(4, 542)
(4, 544)
(4, 547)
(4, 548)
(4, 550)
(4, 553)
(4, 555)
(4, 556)
(4, 558)
(4, 559)
(4, 561)
(4, 563)
(4, 566)
(4, 571)
(4, 572)
(4, 574)
(4, 576)
(4, 578)
(4, 579)
(4, 581)
(4, 583)
(4, 585)
(4, 587)
(4, 588)
(4, 591)
(4, 592)
(4, 593)
(4, 594)
(4, 595)
(4, 596)
(4, 598)
(4, 599)
(4, 601)
(4, 604)
(4, 609)
(4, 612)
(4, 613)
(4, 615)
(4, 619)
(4, 622)
(4, 624)
(4, 625)
(4, 626)
(4, 627)
(4, 628)
(4, 630)
(4, 631)
(4, 634)
(4, 635)
(4, 638)
(4, 640)
(4, 644)
(4, 645)
(4, 646)
(4, 647)
(4, 649)
(4, 651)
(4, 653)
(4, 654)
(4, 656)
(4, 660)
(4, 661)
(4, 664)
(4, 665)
(4, 668)
(4, 672)
(4, 674)
(4, 676)
(4, 681)
(4, 683)
(4, 684)
(4, 686)
(4, 689)
(4, 698)
(4, 700)
(4, 707)
(4, 708)
(4, 709)
(4, 711)
(4, 712)
(4, 713)
(4, 715)
(4, 722)
(4, 723)
(4, 731)
(4, 734)
(4, 737)
(4, 738)
(4, 739)
(4, 746)
(4, 748)
(4, 750)
(4, 751)
(4, 753)
(4, 755)
(4, 757)
(4, 763)
(4, 764)
(4, 765)
(4, 774)
(4, 782)
(4, 783)
(4, 784)
(4, 786)
(4, 787)
(4, 790)
(4, 792)
(4, 796)
(4, 799)
(4, 800)
(4, 801)
(4, 802)
(4, 804)
(4, 806)
(4, 809)
(4, 811)
(4, 815)
(4, 816)
(4, 818)
(4, 820)
(4, 827)
(4, 828)
(4, 830)
(4, 834)
(4, 835)
(4, 836)
(4, 837)
(4, 838)
(4, 842)
(4, 843)
(4, 844)
(4, 846)
(4, 848)
(4, 849)
(4, 850)
(4, 853)
(4, 856)
(4, 859)
(4, 860)
(4, 862)
(4, 863)
(4, 867)
(4, 872)
(4, 873)
(4, 875)
(4, 876)
(4, 877)
(4, 881)
(4, 882)
(4, 885)
(4, 886)
(4, 888)
(4, 893)
(4, 894)
(4, 895)
(4, 900)
(4, 902)
(4, 904)
(4, 905)
(4, 906)
(4, 907)
(4, 908)
(4, 909)
(4, 910)
(4, 913)
(4, 915)
(4, 919)
(4, 920)
(4, 921)
(4, 925)
(4, 926)
(4, 927)
(4, 928)
(4, 929)
(4, 933)
(4, 937)
(4, 938)
(4, 939)
(4, 941)
(4, 943)
(4, 944)
(4, 951)
(4, 954)
(4, 955)
(4, 956)
(4, 957)
(4, 958)
(4, 960)
(4, 962)
(4, 963)
(4, 966)
(4, 967)
(4, 968)
(4, 970)
(4, 973)
(4, 974)
(4, 976)
(4, 980)
(4, 982)
(4, 983)
(4, 984)
(4, 988)
(4, 991)
(4, 994)
(4, 996)
(4, 999)
(4, 1002)
(4, 1004)
(4, 1007)
(4, 1008)
(4, 1009)
(4, 1010)
(4, 1011)
(4, 1012)
(4, 1015)
(4, 1016)
(4, 1019)
(4, 1023)
(4, 1028)
(4, 1029)
(4, 1030)
(4, 1031)
(4, 1036)
(4, 1040)
(4, 1041)
(4, 1046)
(4, 1047)
(4, 1052)
(4, 1053)
(4, 1058)
(4, 1063)
(4, 1064)
(4, 1065)
(4, 1066)
(4, 1068)
(4, 1069)
(4, 1070)
(4, 1071)
(4, 1073)
(4, 1077)
(4, 1084)
(4, 1085)
(4, 1088)
(4, 1089)
(4, 1091)
(4, 1092)
(4, 1094)
(4, 1098)
(4, 1099)
(4, 1104)
(4, 1105)
(4, 1107)
(4, 1108)
(4, 1111)
(4, 1112)
(4, 1113)
(4, 1116)
(4, 1117)
(4, 1119)
(4, 1122)
(4, 1123)
(4, 1124)
(4, 1126)
(4, 1128)
(4, 1129)
(4, 1132)
(4, 1133)
(4, 1135)
(4, 1136)
(4, 1141)
(4, 1146)
(4, 1147)
(4, 1149)
(4, 1150)
(4, 1152)
(4, 1153)
(4, 1155)
(4, 1159)
(4, 1160)
(4, 1162)
(4, 1166)
(4, 1167)
(4, 1170)
(4, 1174)
(4, 1176)
(4, 1178)
(4, 1179)
(4, 1184)
(4, 1185)
(4, 1196)
(4, 1201)
(4, 1202)
(4, 1207)
(4, 1208)
(4, 1209)
(4, 1210)
(4, 1213)
(4, 1214)
(4, 1217)
(4, 1218)
(4, 1226)
(4, 1228)
(4, 1231)
(4, 1232)
(4, 1233)
(4, 1234)
(4, 1236)
(4, 1238)
(4, 1239)
(4, 1240)
(4, 1241)
(4, 1252)
(4, 1253)
(4, 1254)
(4, 1256)
(4, 1258)
(4, 1260)
(4, 1264)
(4, 1265)
(4, 1266)
(4, 1267)
(4, 1269)
(4, 1270)
(4, 1271)
(4, 1274)
(4, 1279)
(4, 1281)
(4, 1282)
(4, 1283)
(4, 1289)
(4, 1291)
(4, 1295)
(4, 1296)
(4, 1299)
(4, 1302)
(4, 1309)
(4, 1311)
(4, 1312)
(4, 1314)
(4, 1321)
(4, 1322)
(4, 1323)
(4, 1325)
(4, 1326)
(4, 1328)
(4, 1330)
(4, 1335)
(4, 1339)
(4, 1340)
(4, 1342)
(4, 1343)
(4, 1345)
(4, 1346)
(4, 1350)
(4, 1354)
(4, 1355)
(4, 1358)
(4, 1359)
(4, 1360)
(4, 1361)
(4, 1363)
(4, 1365)
(4, 1368)
(4, 1369)
(4, 1370)
(4, 1373)
(4, 1374)
(4, 1375)
(4, 1377)
(4, 1380)
(4, 1382)
(4, 1383)
(4, 1384)
(4, 1388)
(4, 1393)
(4, 1397)
(4, 1400)
(4, 1401)
(4, 1403)
(4, 1404)
(4, 1407)
(4, 1409)
(4, 1417)
(4, 1419)
(4, 1421)
(4, 1422)
(4, 1423)
(4, 1425)
(4, 1426)
(4, 1429)
(4, 1430)
(4, 1431)
(4, 1435)
(4, 1441)
(4, 1449)
(4, 1450)
(4, 1453)
(4, 1454)
(4, 1455)
(4, 1456)
(4, 1457)
(4, 1459)
(4, 1462)
(4, 1464)
(4, 1465)
(4, 1467)
(4, 1471)
(4, 1472)
(4, 1476)
(4, 1478)
(4, 1483)
(4, 1484)
(4, 1485)
(4, 1486)
(4, 1487)
(4, 1488)
(4, 1490)
(4, 1491)
(4, 1492)
(4, 1494)
(4, 1497)
(4, 1498)
(4, 1500)
(4, 1501)
(4, 1507)
(4, 1508)
(4, 1509)
(4, 1510)
(4, 1511)
(4, 1515)
(4, 1521)
(4, 1523)
(4, 1528)
(4, 1529)
(4, 1531)
(4, 1532)
(4, 1534)
(4, 1535)
(4, 1536)
(4, 1538)
(4, 1539)
(4, 1540)
(4, 1541)
(4, 1546)
(4, 1547)
(4, 1559)
(4, 1562)
(4, 1564)
(4, 1565)
(4, 1566)
(4, 1568)
(4, 1571)
(4, 1573)
(4, 1576)
(4, 1577)
(4, 1581)
(4, 1583)
(4, 1584)
(4, 1586)
(4, 1588)
(4, 1591)
(4, 1592)
(4, 1598)
(4, 1599)
(4, 1600)
(4, 1607)
(4, 1608)
(4, 1609)
(4, 1612)
(4, 1615)
(4, 1616)
(4, 1617)
(4, 1618)
(4, 1621)
(4, 1622)
(4, 1623)
(4, 1627)
(4, 1629)
(4, 1630)
(4, 1633)
(4, 1635)
(4, 1636)
(4, 1637)
(4, 1640)
(4, 1642)
(4, 1647)
(4, 1648)
(4, 1649)
(4, 1650)
(4, 1654)
(4, 1655)
(4, 1657)
(4, 1658)
(4, 1662)
(4, 1663)
(4, 1666)
(4, 1670)
(4, 1671)
(4, 1674)
(4, 1676)
(4, 1678)
(4, 1680)
(4, 1682)
(4, 1684)
(4, 1686)
(4, 1690)
(4, 1692)
(4, 1693)
(4, 1695)
(4, 1697)
(4, 1700)
(4, 1704)
(4, 1706)
(4, 1708)
(4, 1710)
(4, 1713)
(4, 1715)
(4, 1716)
(4, 1718)
(4, 1720)
(4, 1721)
(4, 1724)
(4, 1726)
(4, 1727)
(4, 1731)
(4, 1735)
(4, 1740)
(4, 1741)
(4, 1743)
(4, 1746)
(4, 1747)
(4, 1748)
(4, 1749)
(4, 1752)
(4, 1754)
(4, 1755)
(4, 1757)
(4, 1759)
(4, 1761)
(4, 1763)
(4, 1764)
(4, 1769)
(4, 1770)
(4, 1771)
(4, 1772)
(4, 1776)
(4, 1777)
(4, 1778)
(4, 1779)
(4, 1780)
(4, 1782)
(4, 1786)
(4, 1787)
(4, 1793)
(4, 1796)
(4, 1798)
(4, 1800)
(4, 1804)
(4, 1805)
(4, 1806)
(4, 1808)
(4, 1809)
(4, 1811)
(4, 1814)
(4, 1816)
(4, 1818)
(4, 1826)
(4, 1827)
(4, 1828)
(4, 1829)
(4, 1830)
(4, 1833)
(4, 1838)
(4, 1839)
(4, 1840)
(4, 1842)
(4, 1843)
(4, 1848)
(4, 1849)
(4, 1851)
(4, 1853)
(4, 1857)
(4, 1858)
(4, 1859)
(4, 1862)
(4, 1872)
(4, 1874)
(4, 1880)
(4, 1882)
(4, 1883)
(4, 1884)
(4, 1885)
(4, 1890)
(4, 1891)
(4, 1893)
(4, 1894)
(4, 1895)
(4, 1896)
(4, 1897)
(4, 1898)
(4, 1904)
(4, 1907)
(4, 1909)
(4, 1912)
(4, 1913)
(4, 1924)
(4, 1931)
(4, 1937)
(4, 1940)
(4, 1941)
(4, 1943)
(4, 1949)
(4, 1950)
(4, 1957)
(4, 1958)
(4, 1959)
(4, 1960)
(4, 1961)
(4, 1962)
(4, 1964)
(4, 1966)
(4, 1970)
(4, 1974)
(4, 1979)
(4, 1980)
(4, 1981)
(4, 1984)
(4, 1986)
(4, 1988)
(4, 1990)
(4, 1992)
(4, 1993)
(4, 1994)
(4, 1995)
(5, 2)
(5, 3)
(5, 5)
(5, 10)
(5, 11)
(5, 13)
(5, 14)
(5, 17)
(5, 19)
(5, 20)
(5, 21)
(5, 22)
(5, 24)
(5, 26)
(5, 30)
(5, 33)
(5, 34)
(5, 36)
(5, 37)
(5, 47)
(5, 48)
(5, 49)
(5, 50)
(5, 51)
(5, 61)
(5, 62)
(5, 64)
(5, 67)
(5, 68)
(5, 69)
(5, 71)
(5, 72)
(5, 74)
(5, 78)
(5, 82)
(5, 83)
(5, 84)
(5, 85)
(5, 87)
(5, 89)
(5, 93)
(5, 95)
(5, 96)
(5, 97)
(5, 101)
(5, 105)
(5, 109)
(5, 113)
(5, 115)
(5, 116)
(5, 120)
(5, 121)
(5, 124)
(5, 125)
(5, 128)
(5, 129)
(5, 131)
(5, 135)
(5, 137)
(5, 141)
(5, 143)
(5, 146)
(5, 147)
(5, 148)
(5, 153)
(5, 156)
(5, 158)
(5, 161)
(5, 162)
(5, 163)
(5, 165)
(5, 167)
(5, 171)
(5, 175)
(5, 176)
(5, 179)
(5, 184)
(5, 186)
(5, 190)
(5, 191)
(5, 193)
(5, 194)
(5, 196)
(5, 197)
(5, 198)
(5, 201)
(5, 202)
(5, 203)
(5, 205)
(5, 206)
(5, 208)
(5, 210)
(5, 211)
(5, 212)
(5, 218)
(5, 223)
(5, 225)
(5, 233)
(5, 234)
(5, 238)
(5, 240)
(5, 241)
(5, 248)
(5, 250)
(5, 254)
(5, 255)
(5, 258)
(5, 261)
(5, 264)
(5, 266)
(5, 271)
(5, 274)
(5, 277)
(5, 280)
(5, 286)
(5, 289)
(5, 291)
(5, 292)
(5, 296)
(5, 297)
(5, 300)
(5, 305)
(5, 306)
(5, 307)
(5, 308)
(5, 309)
(5, 310)
(5, 311)
(5, 313)
(5, 314)
(5, 315)
(5, 321)
(5, 322)
(5, 323)
(5, 326)
(5, 327)
(5, 329)
(5, 331)
(5, 332)
(5, 338)
(5, 341)
(5, 346)
(5, 350)
(5, 352)
(5, 353)
(5, 354)
(5, 356)
(5, 357)
(5, 360)
(5, 362)
(5, 363)
(5, 365)
(5, 371)
(5, 372)
(5, 374)
(5, 376)
(5, 377)
(5, 378)
(5, 379)
(5, 382)
(5, 383)
(5, 384)
(5, 387)
(5, 389)
(5, 396)
(5, 397)
(5, 399)
(5, 400)
(5, 403)
(5, 406)
(5, 407)
(5, 410)
(5, 413)
(5, 417)
(5, 418)
(5, 424)
(5, 427)
(5, 438)
(5, 439)
(5, 442)
(5, 446)
(5, 448)
(5, 450)
(5, 453)
(5, 454)
(5, 455)
(5, 457)
(5, 459)
(5, 460)
(5, 463)
(5, 470)
(5, 471)
(5, 476)
(5, 477)
(5, 479)
(5, 481)
(5, 484)
(5, 487)
(5, 490)
(5, 491)
(5, 493)
(5, 498)
(5, 499)
(5, 501)
(5, 507)
(5, 509)
(5, 514)
(5, 516)
(5, 520)
(5, 521)
(5, 523)
(5, 527)
(5, 531)
(5, 533)
(5, 534)
(5, 536)
(5, 544)
(5, 546)
(5, 548)
(5, 549)
(5, 551)
(5, 552)
(5, 557)
(5, 559)
(5, 564)
(5, 565)
(5, 566)
(5, 573)
(5, 574)
(5, 575)
(5, 577)
(5, 579)
(5, 580)
(5, 583)
(5, 587)
(5, 589)
(5, 591)
(5, 594)
(5, 595)
(5, 596)
(5, 598)
(5, 599)
(5, 601)
(5, 602)
(5, 604)
(5, 607)
(5, 608)
(5, 612)
(5, 614)
(5, 615)
(5, 619)
(5, 622)
(5, 623)
(5, 626)
(5, 627)
(5, 629)
(5, 633)
(5, 636)
(5, 638)
(5, 641)
(5, 646)
(5, 647)
(5, 651)
(5, 653)
(5, 654)
(5, 656)
(5, 657)
(5, 660)
(5, 662)
(5, 664)
(5, 667)
(5, 671)
(5, 675)
(5, 676)
(5, 677)
(5, 678)
(5, 680)
(5, 685)
(5, 689)
(5, 690)
(5, 691)
(5, 696)
(5, 697)
(5, 698)
(5, 699)
(5, 700)
(5, 701)
(5, 707)
(5, 708)
(5, 710)
(5, 711)
(5, 713)
(5, 714)
(5, 717)
(5, 724)
(5, 726)
(5, 730)
(5, 732)
(5, 739)
(5, 740)
(5, 743)
(5, 744)
(5, 746)
(5, 753)
(5, 756)
(5, 758)
(5, 759)
(5, 761)
(5, 762)
(5, 763)
(5, 764)
(5, 767)
(5, 768)
(5, 769)
(5, 770)
(5, 773)
(5, 776)
(5, 778)
(5, 784)
(5, 785)
(5, 786)
(5, 787)
(5, 802)
(5, 803)
(5, 804)
(5, 812)
(5, 815)
(5, 816)
(5, 818)
(5, 819)
(5, 820)
(5, 821)
(5, 828)
(5, 830)
(5, 832)
(5, 833)
(5, 835)
(5, 838)
(5, 840)
(5, 841)
(5, 843)
(5, 845)
(5, 846)
(5, 848)
(5, 849)
(5, 851)
(5, 856)
(5, 857)
(5, 860)
(5, 862)
(5, 864)
(5, 868)
(5, 872)
(5, 875)
(5, 877)
(5, 878)
(5, 879)
(5, 880)
(5, 883)
(5, 885)
(5, 886)
(5, 888)
(5, 889)
(5, 892)
(5, 893)
(5, 894)
(5, 896)
(5, 897)
(5, 899)
(5, 901)
(5, 904)
(5, 906)
(5, 908)
(5, 910)
(5, 914)
(5, 917)
(5, 920)
(5, 922)
(5, 926)
(5, 927)
(5, 932)
(5, 933)
(5, 937)
(5, 938)
(5, 939)
(5, 941)
(5, 943)
(5, 944)
(5, 946)
(5, 947)
(5, 948)
(5, 952)
(5, 955)
(5, 956)
(5, 957)
(5, 960)
(5, 963)
(5, 966)
(5, 970)
(5, 971)
(5, 974)
(5, 975)
(5, 987)
(5, 990)
(5, 1001)
(5, 1004)
(5, 1008)
(5, 1009)
(5, 1010)
(5, 1012)
(5, 1013)
(5, 1014)
(5, 1020)
(5, 1023)
(5, 1025)
(5, 1026)
(5, 1027)
(5, 1036)
(5, 1043)
(5, 1044)
(5, 1045)
(5, 1047)
(5, 1048)
(5, 1051)
(5, 1052)
(5, 1055)
(5, 1060)
(5, 1062)
(5, 1063)
(5, 1067)
(5, 1071)
(5, 1072)
(5, 1073)
(5, 1075)
(5, 1077)
(5, 1081)
(5, 1083)
(5, 1087)
(5, 1089)
(5, 1091)
(5, 1094)
(5, 1095)
(5, 1096)
(5, 1099)
(5, 1100)
(5, 1101)
(5, 1102)
(5, 1103)
(5, 1107)
(5, 1111)
(5, 1112)
(5, 1116)
(5, 1118)
(5, 1120)
(5, 1124)
(5, 1125)
(5, 1126)
(5, 1129)
(5, 1131)
(5, 1133)
(5, 1134)
(5, 1138)
(5, 1139)
(5, 1140)
(5, 1143)
(5, 1144)
(5, 1145)
(5, 1146)
(5, 1147)
(5, 1149)
(5, 1150)
(5, 1152)
(5, 1154)
(5, 1156)
(5, 1161)
(5, 1163)
(5, 1171)
(5, 1173)
(5, 1177)
(5, 1179)
(5, 1180)
(5, 1182)
(5, 1183)
(5, 1185)
(5, 1189)
(5, 1192)
(5, 1196)
(5, 1197)
(5, 1198)
(5, 1202)
(5, 1203)
(5, 1205)
(5, 1208)
(5, 1210)
(5, 1211)
(5, 1214)
(5, 1215)
(5, 1216)
(5, 1218)
(5, 1219)
(5, 1221)
(5, 1223)
(5, 1225)
(5, 1226)
(5, 1234)
(5, 1238)
(5, 1242)
(5, 1244)
(5, 1245)
(5, 1246)
(5, 1247)
(5, 1251)
(5, 1252)
(5, 1253)
(5, 1255)
(5, 1256)
(5, 1257)
(5, 1259)
(5, 1260)
(5, 1261)
(5, 1268)
(5, 1271)
(5, 1273)
(5, 1274)
(5, 1275)
(5, 1277)
(5, 1279)
(5, 1280)
(5, 1281)
(5, 1282)
(5, 1288)
(5, 1292)
(5, 1294)
(5, 1295)
(5, 1299)
(5, 1300)
(5, 1302)
(5, 1306)
(5, 1307)
(5, 1310)
(5, 1312)
(5, 1313)
(5, 1315)
(5, 1316)
(5, 1318)
(5, 1319)
(5, 1321)
(5, 1322)
(5, 1331)
(5, 1334)
(5, 1336)
(5, 1338)
(5, 1339)
(5, 1340)
(5, 1341)
(5, 1346)
(5, 1351)
(5, 1353)
(5, 1355)
(5, 1356)
(5, 1357)
(5, 1358)
(5, 1359)
(5, 1360)
(5, 1362)
(5, 1363)
(5, 1367)
(5, 1368)
(5, 1370)
(5, 1373)
(5, 1377)
(5, 1378)
(5, 1383)
(5, 1387)
(5, 1391)
(5, 1394)
(5, 1398)
(5, 1399)
(5, 1401)
(5, 1402)
(5, 1403)
(5, 1406)
(5, 1408)
(5, 1410)
(5, 1411)
(5, 1412)
(5, 1415)
(5, 1416)
(5, 1417)
(5, 1418)
(5, 1420)
(5, 1422)
(5, 1423)
(5, 1431)
(5, 1432)
(5, 1433)
(5, 1434)
(5, 1435)
(5, 1436)
(5, 1439)
(5, 1440)
(5, 1441)
(5, 1442)
(5, 1444)
(5, 1447)
(5, 1448)
(5, 1454)
(5, 1458)
(5, 1459)
(5, 1462)
(5, 1465)
(5, 1467)
(5, 1469)
(5, 1470)
(5, 1473)
(5, 1474)
(5, 1475)
(5, 1477)
(5, 1479)
(5, 1480)
(5, 1482)
(5, 1486)
(5, 1487)
(5, 1489)
(5, 1491)
(5, 1492)
(5, 1493)
(5, 1494)
(5, 1499)
(5, 1501)
(5, 1506)
(5, 1511)
(5, 1512)
(5, 1514)
(5, 1517)
(5, 1518)
(5, 1523)
(5, 1524)
(5, 1529)
(5, 1530)
(5, 1532)
(5, 1536)
(5, 1541)
(5, 1546)
(5, 1548)
(5, 1553)
(5, 1554)
(5, 1556)
(5, 1559)
(5, 1561)
(5, 1569)
(5, 1570)
(5, 1571)
(5, 1572)
(5, 1573)
(5, 1575)
(5, 1581)
(5, 1590)
(5, 1594)
(5, 1596)
(5, 1597)
(5, 1601)
(5, 1602)
(5, 1605)
(5, 1606)
(5, 1614)
(5, 1616)
(5, 1617)
(5, 1618)
(5, 1621)
(5, 1622)
(5, 1627)
(5, 1629)
(5, 1631)
(5, 1632)
(5, 1633)
(5, 1637)
(5, 1641)
(5, 1647)
(5, 1651)
(5, 1653)
(5, 1655)
(5, 1656)
(5, 1657)
(5, 1658)
(5, 1661)
(5, 1663)
(5, 1664)
(5, 1665)
(5, 1668)
(5, 1671)
(5, 1673)
(5, 1680)
(5, 1681)
(5, 1682)
(5, 1685)
(5, 1687)
(5, 1688)
(5, 1695)
(5, 1696)
(5, 1698)
(5, 1699)
(5, 1700)
(5, 1703)
(5, 1706)
(5, 1707)
(5, 1708)
(5, 1713)
(5, 1724)
(5, 1729)
(5, 1730)
(5, 1731)
(5, 1732)
(5, 1736)
(5, 1737)
(5, 1741)
(5, 1744)
(5, 1749)
(5, 1753)
(5, 1761)
(5, 1762)
(5, 1765)
(5, 1767)
(5, 1768)
(5, 1769)
(5, 1772)
(5, 1778)
(5, 1779)
(5, 1782)
(5, 1789)
(5, 1791)
(5, 1794)
(5, 1795)
(5, 1796)
(5, 1798)
(5, 1800)
(5, 1801)
(5, 1806)
(5, 1807)
(5, 1810)
(5, 1811)
(5, 1815)
(5, 1816)
(5, 1818)
(5, 1820)
(5, 1823)
(5, 1825)
(5, 1826)
(5, 1828)
(5, 1830)
(5, 1832)
(5, 1834)
(5, 1837)
(5, 1838)
(5, 1842)
(5, 1843)
(5, 1844)
(5, 1845)
(5, 1848)
(5, 1850)
(5, 1854)
(5, 1864)
(5, 1866)
(5, 1868)
(5, 1869)
(5, 1873)
(5, 1874)
(5, 1875)
(5, 1878)
(5, 1879)
(5, 1880)
(5, 1881)
(5, 1883)
(5, 1884)
(5, 1892)
(5, 1895)
(5, 1896)
(5, 1898)
(5, 1902)
(5, 1903)
(5, 1907)
(5, 1909)
(5, 1912)
(5, 1916)
(5, 1917)
(5, 1920)
(5, 1921)
(5, 1923)
(5, 1925)
(5, 1927)
(5, 1928)
(5, 1930)
(5, 1931)
(5, 1938)
(5, 1939)
(5, 1941)
(5, 1943)
(5, 1944)
(5, 1946)
(5, 1947)
(5, 1949)
(5, 1950)
(5, 1954)
(5, 1955)
(5, 1960)
(5, 1961)
(5, 1962)
(5, 1969)
(5, 1974)
(5, 1975)
(5, 1978)
(5, 1984)
(5, 1986)
(5, 1988)
(5, 1989)
(5, 1991)
(5, 1992)
(5, 1994)
(5, 1997)
(5, 1998)
(5, 2000)
