(1, 3)
(1, 8)
(1, 9)
(1, 10)
(1, 14)
(1, 15)
(1, 16)
(1, 17)
(1, 20)
(1, 21)
(1, 22)
(1, 24)
(1, 26)
(1, 28)
(1, 29)
(1, 30)
(1, 31)
(1, 32)
(1, 33)
(1, 34)
(1, 35)
(1, 42)
(1, 43)
(1, 48)
(1, 49)
(1, 53)
(1, 55)
(1, 57)
(1, 59)
(1, 60)
(1, 61)
(1, 62)
(1, 64)
(1, 66)
(1, 67)
(1, 68)
(1, 69)
(1, 70)
(1, 71)
(1, 72)
(1, 73)
(1, 74)
(1, 77)
(1, 78)
(1, 80)
(1, 82)
(1, 83)
(1, 87)
(1, 90)
(1, 96)
(1, 99)
(1, 105)
(1, 106)
(1, 111)
(1, 112)
(1, 113)
(1, 116)
(1, 118)
(1, 119)
(1, 120)
(1, 121)
(1, 123)
(1, 125)
(1, 127)
(1, 129)
(1, 130)
(1, 131)
(1, 134)
(1, 135)
(1, 137)
(1, 139)
(1, 141)
(1, 145)
(1, 148)
(1, 150)
(1, 151)
(1, 154)
(1, 158)
(1, 159)
(1, 162)
(1, 163)
(1, 164)
(1, 169)
(1, 170)
(1, 171)
(1, 172)
(1, 173)
(1, 176)
(1, 181)
(1, 182)
(1, 184)
(1, 186)
(1, 187)
(1, 188)
(1, 189)
(1, 190)
(1, 191)
(1, 192)
(1, 193)
(1, 194)
(1, 195)
(1, 196)
(1, 200)
(1, 201)
(1, 210)
(1, 211)
(1, 214)
(1, 215)
(1, 221)
(1, 225)
(1, 227)
(1, 229)
(1, 236)
(1, 237)
(1, 243)
(1, 244)
(1, 245)
(1, 247)
(1, 250)
(1, 251)
(1, 252)
(1, 254)
(1, 256)
(1, 259)
(1, 261)
(1, 262)
(1, 264)
(1, 268)
(1, 275)
(1, 277)
(1, 279)
(1, 283)
(1, 284)
(1, 285)
(1, 288)
(1, 292)
(1, 296)
(1, 297)
(1, 298)
(1, 299)
(1, 303)
(1, 306)
(1, 307)
(1, 309)
(1, 312)
(1, 321)
(1, 324)
(1, 325)
(1, 326)
(1, 329)
(1, 330)
(1, 333)
(1, 334)
(1, 336)
(1, 339)
(1, 343)
(1, 346)
(1, 347)
(1, 351)
(1, 353)
(1, 355)
(1, 357)
(1, 363)
(1, 364)
(1, 365)
(1, 370)
(1, 372)
(1, 377)
(1, 378)
(1, 379)
(1, 384)
(1, 387)
(1, 389)
(1, 390)
(1, 392)
(1, 398)
(1, 399)
(1, 400)
(1, 401)
(1, 403)
(1, 404)
(1, 417)
(1, 418)
(1, 420)
(1, 423)
(1, 425)
(1, 426)
(1, 431)
(1, 434)
(1, 440)
(1, 445)
(1, 448)
(1, 451)
(1, 452)
(1, 456)
(1, 458)
(1, 462)
(1, 466)
(1, 467)
(1, 472)
(1, 473)
(1, 474)
(1, 476)
(1, 477)
(1, 478)
(1, 479)
(1, 483)
(1, 485)
(1, 487)
(1, 488)
(1, 489)
(1, 490)
(1, 491)
(1, 493)
(1, 496)
(1, 499)
(1, 500)
(1, 501)
(1, 503)
(1, 504)
(1, 505)
(1, 509)
(1, 511)
(1, 513)
(1, 515)
(1, 517)
(1, 518)
(1, 523)
(1, 526)
(1, 529)
(1, 532)
(1, 535)
(1, 536)
(1, 537)
(1, 539)
(1, 540)
(1, 545)
(1, 556)
(1, 565)
(1, 566)
(1, 568)
(1, 570)
(1, 572)
(1, 576)
(1, 578)
(1, 580)
(1, 581)
(1, 584)
(1, 590)
(1, 593)
(1, 600)
(1, 602)
(1, 604)
(1, 605)
(1, 608)
(1, 609)
(1, 611)
(1, 612)
(1, 614)
(1, 616)
(1, 617)
(1, 619)
(1, 620)
(1, 626)
(1, 627)
(1, 633)
(1, 638)
(1, 644)
(1, 645)
(1, 646)
(1, 648)
(1, 650)
(1, 651)
(1, 652)
(1, 654)
(1, 658)
(1, 662)
(1, 663)
(1, 665)
(1, 671)
(1, 672)
(1, 679)
(1, 681)
(1, 683)
(1, 687)
(1, 688)
(1, 691)
(1, 692)
(1, 693)
(1, 695)
(1, 697)
(1, 708)
(1, 709)
(1, 711)
(1, 715)
(1, 716)
(1, 718)
(1, 722)
(1, 724)
(1, 727)
(1, 732)
(1, 733)
(1, 735)
(1, 738)
(1, 740)
(1, 741)
(1, 743)
(1, 744)
(1, 751)
(1, 753)
(1, 754)
(1, 755)
(1, 759)
(1, 761)
(1, 763)
(1, 765)
(1, 767)
(1, 769)
(1, 770)
(1, 774)
(1, 777)
(1, 778)
(1, 780)
(1, 782)
(1, 786)
(1, 788)
(1, 791)
(1, 792)
(1, 796)
(1, 797)
(1, 798)
(1, 804)
(1, 808)
(1, 810)
(1, 813)
(1, 814)
(1, 815)
(1, 817)
(1, 819)
(1, 821)
(1, 823)
(1, 827)
(1, 828)
(1, 829)
(1, 832)
(1, 833)
(1, 835)
(1, 838)
(1, 840)
(1, 842)
(1, 846)
(1, 847)
(1, 849)
(1, 853)
(1, 860)
(1, 862)
(1, 872)
(1, 874)
(1, 878)
(1, 879)
(1, 880)
(1, 881)
(1, 883)
(1, 885)
(1, 886)
(1, 890)
(1, 891)
(1, 892)
(1, 897)
(1, 898)
(1, 900)
(1, 903)
(1, 909)
(1, 910)
(1, 913)
(1, 915)
(1, 916)
(1, 919)
(1, 922)
(1, 923)
(1, 924)
(1, 928)
(1, 929)
(1, 935)
(1, 936)
(1, 938)
(1, 946)
(1, 947)
(1, 949)
(1, 950)
(1, 952)
(1, 956)
(1, 957)
(1, 959)
(1, 960)
(1, 963)
(1, 964)
(1, 968)
(1, 970)
(1, 973)
(1, 975)
(1, 979)
(1, 981)
(1, 982)
(1, 984)
(1, 985)
(1, 989)
(1, 994)
(1, 997)
(1, 1000)
(1, 1002)
(1, 1005)
(1, 1010)
(1, 1011)
(1, 1012)
(1, 1013)
(1, 1014)
(1, 1020)
(1, 1023)
(1, 1025)
(1, 1026)
(1, 1028)
(1, 1031)
(1, 1033)
(1, 1035)
(1, 1038)
(1, 1039)
(1, 1041)
(1, 1043)
(1, 1045)
(1, 1046)
(1, 1049)
(1, 1052)
(1, 1053)
(1, 1055)
(1, 1060)
(1, 1061)
(1, 1062)
(1, 1078)
(1, 1079)
(1, 1080)
(1, 1084)
(1, 1085)
(1, 1088)
(1, 1089)
(1, 1090)
(1, 1092)
(1, 1093)
(1, 1096)
(1, 1098)
(1, 1099)
(1, 1100)
(1, 1101)
(1, 1107)
(1, 1109)
(1, 1111)
(1, 1114)
(1, 1115)
(1, 1116)
(1, 1124)
(1, 1125)
(1, 1126)
(1, 1127)
(1, 1128)
(1, 1131)
(1, 1135)
(1, 1138)
(1, 1140)
(1, 1143)
(1, 1144)
(1, 1145)
(1, 1146)
(1, 1147)
(1, 1153)
(1, 1154)
(1, 1156)
(1, 1157)
(1, 1158)
(1, 1159)
(1, 1170)
(1, 1172)
(1, 1173)
(1, 1176)
(1, 1178)
(1, 1181)
(1, 1182)
(1, 1183)
(1, 1188)
(1, 1193)
(1, 1195)
(1, 1196)
(1, 1197)
(1, 1200)
(1, 1207)
(1, 1208)
(1, 1213)
(1, 1216)
(1, 1218)
(1, 1219)
(1, 1220)
(1, 1225)
(1, 1233)
(1, 1237)
(1, 1238)
(1, 1239)
(1, 1245)
(1, 1246)
(1, 1248)
(1, 1252)
(1, 1257)
(1, 1260)
(1, 1262)
(1, 1268)
(1, 1269)
(1, 1271)
(1, 1272)
(1, 1274)
(1, 1275)
(1, 1276)
(1, 1277)
(1, 1281)
(1, 1282)
(1, 1288)
(1, 1289)
(1, 1290)
(1, 1294)
(1, 1295)
(1, 1296)
(1, 1299)
(1, 1300)
(1, 1303)
(1, 1304)
(1, 1305)
(1, 1312)
(1, 1317)
(1, 1319)
(1, 1320)
(1, 1322)
(1, 1323)
(1, 1324)
(1, 1328)
(1, 1331)
(1, 1332)
(1, 1334)
(1, 1335)
(1, 1339)
(1, 1340)
(1, 1341)
(1, 1343)
(1, 1347)
(1, 1349)
(1, 1350)
(1, 1351)
(1, 1352)
(1, 1355)
(1, 1356)
(1, 1360)
(1, 1361)
(1, 1368)
(1, 1369)
(1, 1371)
(1, 1372)
(1, 1375)
(1, 1376)
(1, 1378)
(1, 1379)
(1, 1381)
(1, 1383)
(1, 1387)
(1, 1388)
(1, 1390)
(1, 1393)
(1, 1394)
(1, 1395)
(1, 1400)
(1, 1402)
(1, 1407)
(1, 1410)
(1, 1415)
(1, 1418)
(1, 1419)
(1, 1420)
(1, 1425)
(1, 1429)
(1, 1432)
(1, 1433)
(1, 1438)
(1, 1439)
(1, 1440)
(1, 1445)
(1, 1446)
(1, 1449)
(1, 1451)
(1, 1452)
(1, 1453)
(1, 1454)
(1, 1456)
(1, 1457)
(1, 1458)
(1, 1460)
(1, 1462)
(1, 1463)
(1, 1465)
(1, 1468)
(1, 1470)
(1, 1471)
(1, 1473)
(1, 1474)
(1, 1486)
(1, 1487)
(1, 1490)
(1, 1491)
(1, 1492)
(1, 1493)
(1, 1495)
(1, 1497)
(1, 1502)
(1, 1506)
(1, 1509)
(1, 1511)
(1, 1513)
(1, 1514)
(1, 1515)
(1, 1517)
(1, 1519)
(1, 1522)
(1, 1523)
(1, 1524)
(1, 1527)
(1, 1529)
(1, 1534)
(1, 1538)
(1, 1543)
(1, 1547)
(1, 1550)
(1, 1551)
(1, 1552)
(1, 1557)
(1, 1565)
(1, 1571)
(1, 1573)
(1, 1574)
(1, 1575)
(1, 1580)
(1, 1584)
(1, 1587)
(1, 1588)
(1, 1590)
(1, 1591)
(1, 1592)
(1, 1593)
(1, 1597)
(1, 1600)
(1, 1602)
(1, 1603)
(1, 1604)
(1, 1605)
(1, 1608)
(1, 1609)
(1, 1613)
(1, 1614)
(1, 1617)
(1, 1618)
(1, 1619)
(1, 1625)
(1, 1626)
(1, 1627)
(1, 1628)
(1, 1631)
(1, 1634)
(1, 1635)
(1, 1636)
(1, 1639)
(1, 1641)
(1, 1642)
(1, 1648)
(1, 1650)
(1, 1655)
(1, 1659)
(1, 1660)
(1, 1666)
(1, 1667)
(1, 1673)
(1, 1676)
(1, 1677)
(1, 1681)
(1, 1682)
(1, 1683)
(1, 1684)
(1, 1686)
(1, 1688)
(1, 1695)
(1, 1696)
(1, 1700)
(1, 1706)
(1, 1710)
(1, 1711)
(1, 1713)
(1, 1714)
(1, 1715)
(1, 1716)
(1, 1718)
(1, 1722)
(1, 1723)
(1, 1725)
(1, 1726)
(1, 1729)
(1, 1731)
(1, 1733)
(1, 1736)
(1, 1738)
(1, 1739)
(1, 1740)
(1, 1745)
(1, 1748)
(1, 1754)
(1, 1759)
(1, 1760)
(1, 1762)
(1, 1763)
(1, 1766)
(1, 1771)
(1, 1772)
(1, 1774)
(1, 1778)
(1, 1779)
(1, 1781)
(1, 1783)
(1, 1785)
(1, 1787)
(1, 1789)
(1, 1790)
(1, 1791)
(1, 1793)
(1, 1795)
(1, 1797)
(1, 1800)
(1, 1803)
(1, 1805)
(1, 1808)
(1, 1809)
(1, 1810)
(1, 1811)
(1, 1812)
(1, 1813)
(1, 1816)
(1, 1818)
(1, 1820)
(1, 1821)
(1, 1826)
(1, 1828)
(1, 1831)
(1, 1833)
(1, 1836)
(1, 1840)
(1, 1842)
(1, 1843)
(1, 1844)
(1, 1845)
(1, 1848)
(1, 1849)
(1, 1853)
(1, 1854)
(1, 1860)
(1, 1861)
(1, 1863)
(1, 1865)
(1, 1866)
(1, 1869)
(1, 1873)
(1, 1876)
(1, 1877)
(1, 1879)
(1, 1880)
(1, 1888)
(1, 1889)
(1, 1890)
(1, 1897)
(1, 1898)
(1, 1899)
(1, 1900)
(1, 1906)
(1, 1907)
(1, 1909)
(1, 1910)
(1, 1911)
(1, 1912)
(1, 1913)
(1, 1914)
(1, 1915)
(1, 1920)
(1, 1921)
(1, 1923)
(1, 1926)
(1, 1930)
(1, 1932)
(1, 1934)
(1, 1935)
(1, 1937)
(1, 1938)
(1, 1940)
(1, 1945)
(1, 1949)
(1, 1951)
(1, 1952)
(1, 1953)
(1, 1956)
(1, 1957)
(1, 1958)
(1, 1959)
(1, 1960)
(1, 1962)
(1, 1964)
(1, 1966)
(1, 1967)
(1, 1968)
(1, 1971)
(1, 1974)
(1, 1975)
(1, 1976)
(1, 1977)
(1, 1979)
(1, 1983)
(1, 1985)
(1, 1986)
(1, 1987)
(1, 1988)
(1, 1989)
(1, 1990)
(1, 1991)
(1, 1994)
(1, 1995)
(1, 1996)
(1, 1997)
(1, 1999)
(2, 5)
(2, 6)
(2, 7)
(2, 8)
(2, 11)
(2, 12)
(2, 13)
(2, 15)
(2, 16)
(2, 17)
(2, 26)
(2, 29)
(2, 30)
(2, 31)
(2, 32)
(2, 33)
(2, 35)
(2, 36)
(2, 38)
(2, 41)
(2, 44)
(2, 46)
(2, 47)
(2, 48)
(2, 53)
(2, 54)
(2, 57)
(2, 58)
(2, 60)
(2, 63)
(2, 64)
(2, 65)
(2, 70)
(2, 72)
(2, 73)
(2, 75)
(2, 76)
(2, 77)
(2, 78)
(2, 79)
(2, 82)
(2, 83)
(2, 85)
(2, 86)
(2, 96)
(2, 98)
(2, 99)
(2, 102)
(2, 104)
(2, 105)
(2, 107)
(2, 108)
(2, 109)
(2, 110)
(2, 111)
(2, 114)
(2, 115)
(2, 116)
(2, 117)
(2, 118)
(2, 120)
(2, 124)
(2, 127)
(2, 128)
(2, 129)
(2, 130)
(2, 132)
(2, 133)
(2, 134)
(2, 135)
(2, 136)
(2, 140)
(2, 144)
(2, 146)
(2, 150)
(2, 152)
(2, 154)
(2, 155)
(2, 157)
(2, 160)
(2, 163)
(2, 165)
(2, 166)
(2, 167)
(2, 168)
(2, 170)
(2, 171)
(2, 172)
(2, 173)
(2, 176)
(2, 181)
(2, 185)
(2, 187)
(2, 190)
(2, 194)
(2, 195)
(2, 200)
(2, 201)
(2, 204)
(2, 211)
(2, 218)
(2, 224)
(2, 225)
(2, 226)
(2, 227)
(2, 233)
(2, 234)
(2, 235)
(2, 241)
(2, 242)
(2, 243)
(2, 246)
(2, 248)
(2, 250)
(2, 254)
(2, 255)
(2, 258)
(2, 260)
(2, 265)
(2, 266)
(2, 267)
(2, 274)
(2, 275)
(2, 279)
(2, 282)
(2, 284)
(2, 287)
(2, 290)
(2, 292)
(2, 293)
(2, 296)
(2, 298)
(2, 301)
(2, 310)
(2, 318)
(2, 319)
(2, 320)
(2, 321)
(2, 326)
(2, 327)
(2, 329)
(2, 331)
(2, 332)
(2, 337)
(2, 338)
(2, 341)
(2, 343)
(2, 345)
(2, 349)
(2, 350)
(2, 353)
(2, 355)
(2, 356)
(2, 360)
(2, 361)
(2, 363)
(2, 368)
(2, 369)
(2, 372)
(2, 373)
(2, 375)
(2, 377)
(2, 378)
(2, 383)
(2, 386)
(2, 388)
(2, 392)
(2, 394)
(2, 398)
(2, 402)
(2, 405)
(2, 408)
(2, 409)
(2, 411)
(2, 412)
(2, 413)
(2, 420)
(2, 421)
(2, 422)
(2, 426)
(2, 427)
(2, 428)
(2, 429)
(2, 430)
(2, 431)
(2, 432)
(2, 433)
(2, 434)
(2, 436)
(2, 438)
(2, 439)
(2, 442)
(2, 444)
(2, 447)
(2, 448)
(2, 450)
(2, 451)
(2, 455)
(2, 456)
(2, 457)
(2, 460)
(2, 462)
(2, 467)
(2, 469)
(2, 470)
(2, 477)
(2, 478)
(2, 479)
(2, 481)
(2, 482)
(2, 485)
(2, 486)
(2, 487)
(2, 488)
(2, 491)
(2, 496)
(2, 500)
(2, 502)
(2, 505)
(2, 507)
(2, 508)
(2, 509)
(2, 513)
(2, 514)
(2, 517)
(2, 518)
(2, 523)
(2, 524)
(2, 527)
(2, 530)
(2, 532)
(2, 534)
(2, 536)
(2, 538)
(2, 539)
(2, 542)
(2, 544)
(2, 547)
(2, 548)
(2, 550)
(2, 553)
(2, 555)
(2, 556)
(2, 558)
(2, 561)
(2, 568)
(2, 570)
(2, 571)
(2, 573)
(2, 574)
(2, 575)
(2, 576)
(2, 577)
(2, 578)
(2, 580)
(2, 582)
(2, 584)
(2, 589)
(2, 592)
(2, 593)
(2, 594)
(2, 595)
(2, 596)
(2, 598)
(2, 603)
(2, 607)
(2, 609)
(2, 610)
(2, 612)
(2, 614)
(2, 622)
(2, 623)
(2, 625)
(2, 629)
(2, 630)
(2, 632)
(2, 635)
(2, 640)
(2, 642)
(2, 645)
(2, 646)
(2, 648)
(2, 650)
(2, 652)
(2, 654)
(2, 655)
(2, 658)
(2, 659)
(2, 661)
(2, 665)
(2, 667)
(2, 672)
(2, 675)
(2, 677)
(2, 685)
(2, 689)
(2, 691)
(2, 694)
(2, 695)
(2, 696)
(2, 701)
(2, 704)
(2, 706)
(2, 709)
(2, 713)
(2, 714)
(2, 716)
(2, 717)
(2, 718)
(2, 719)
(2, 721)
(2, 723)
(2, 724)
(2, 725)
(2, 727)
(2, 729)
(2, 730)
(2, 737)
(2, 739)
(2, 740)
(2, 743)
(2, 746)
(2, 748)
(2, 750)
(2, 752)
(2, 754)
(2, 756)
(2, 758)
(2, 763)
(2, 765)
(2, 766)
(2, 767)
(2, 769)
(2, 770)
(2, 774)
(2, 777)
(2, 779)
(2, 780)
(2, 782)
(2, 783)
(2, 784)
(2, 785)
(2, 786)
(2, 787)
(2, 789)
(2, 793)
(2, 794)
(2, 797)
(2, 798)
(2, 799)
(2, 801)
(2, 808)
(2, 814)
(2, 815)
(2, 817)
(2, 819)
(2, 820)
(2, 827)
(2, 830)
(2, 833)
(2, 834)
(2, 835)
(2, 836)
(2, 837)
(2, 839)
(2, 840)
(2, 841)
(2, 842)
(2, 845)
(2, 847)
(2, 852)
(2, 854)
(2, 857)
(2, 858)
(2, 861)
(2, 864)
(2, 866)
(2, 869)
(2, 870)
(2, 871)
(2, 878)
(2, 879)
(2, 881)
(2, 882)
(2, 885)
(2, 886)
(2, 887)
(2, 888)
(2, 889)
(2, 892)
(2, 894)
(2, 897)
(2, 898)
(2, 900)
(2, 903)
(2, 905)
(2, 911)
(2, 912)
(2, 914)
(2, 915)
(2, 916)
(2, 919)
(2, 920)
(2, 922)
(2, 924)
(2, 925)
(2, 931)
(2, 932)
(2, 935)
(2, 938)
(2, 939)
(2, 940)
(2, 942)
(2, 943)
(2, 947)
(2, 949)
(2, 955)
(2, 956)
(2, 958)
(2, 959)
(2, 961)
(2, 962)
(2, 964)
(2, 966)
(2, 972)
(2, 975)
(2, 976)
(2, 979)
(2, 983)
(2, 985)
(2, 986)
(2, 988)
(2, 989)
(2, 992)
(2, 993)
(2, 994)
(2, 996)
(2, 997)
(2, 998)
(2, 999)
(2, 1007)
(2, 1009)
(2, 1010)
(2, 1020)
(2, 1021)
(2, 1023)
(2, 1024)
(2, 1025)
(2, 1026)
(2, 1028)
(2, 1029)
(2, 1030)
(2, 1032)
(2, 1036)
(2, 1038)
(2, 1041)
(2, 1042)
(2, 1043)
(2, 1044)
(2, 1050)
(2, 1051)
(2, 1054)
(2, 1057)
(2, 1058)
(2, 1061)
(2, 1062)
(2, 1068)
(2, 1071)
(2, 1074)
(2, 1076)
(2, 1077)
(2, 1078)
(2, 1079)
(2, 1083)
(2, 1086)
(2, 1091)
(2, 1093)
(2, 1094)
(2, 1098)
(2, 1101)
(2, 1103)
(2, 1105)
(2, 1106)
(2, 1109)
(2, 1111)
(2, 1112)
(2, 1113)
(2, 1116)
(2, 1119)
(2, 1120)
(2, 1122)
(2, 1123)
(2, 1125)
(2, 1127)
(2, 1128)
(2, 1129)
(2, 1132)
(2, 1135)
(2, 1136)
(2, 1137)
(2, 1138)
(2, 1139)
(2, 1142)
(2, 1143)
(2, 1145)
(2, 1146)
(2, 1150)
(2, 1152)
(2, 1154)
(2, 1158)
(2, 1166)
(2, 1167)
(2, 1170)
(2, 1171)
(2, 1172)
(2, 1176)
(2, 1181)
(2, 1182)
(2, 1185)
(2, 1186)
(2, 1187)
(2, 1194)
(2, 1195)
(2, 1196)
(2, 1198)
(2, 1199)
(2, 1200)
(2, 1201)
(2, 1202)
(2, 1208)
(2, 1209)
(2, 1212)
(2, 1219)
(2, 1220)
(2, 1226)
(2, 1230)
(2, 1231)
(2, 1232)
(2, 1233)
(2, 1237)
(2, 1238)
(2, 1241)
(2, 1244)
(2, 1246)
(2, 1249)
(2, 1251)
(2, 1260)
(2, 1262)
(2, 1263)
(2, 1265)
(2, 1268)
(2, 1269)
(2, 1274)
(2, 1279)
(2, 1280)
(2, 1282)
(2, 1286)
(2, 1287)
(2, 1289)
(2, 1290)
(2, 1291)
(2, 1292)
(2, 1295)
(2, 1296)
(2, 1298)
(2, 1299)
(2, 1300)
(2, 1304)
(2, 1306)
(2, 1307)
(2, 1309)
(2, 1310)
(2, 1312)
(2, 1316)
(2, 1320)
(2, 1322)
(2, 1332)
(2, 1333)
(2, 1334)
(2, 1335)
(2, 1337)
(2, 1338)
(2, 1340)
(2, 1343)
(2, 1352)
(2, 1354)
(2, 1358)
(2, 1359)
(2, 1361)
(2, 1362)
(2, 1363)
(2, 1367)
(2, 1371)
(2, 1372)
(2, 1373)
(2, 1380)
(2, 1383)
(2, 1396)
(2, 1398)
(2, 1399)
(2, 1401)
(2, 1403)
(2, 1404)
(2, 1405)
(2, 1406)
(2, 1407)
(2, 1411)
(2, 1413)
(2, 1414)
(2, 1415)
(2, 1416)
(2, 1421)
(2, 1422)
(2, 1423)
(2, 1425)
(2, 1426)
(2, 1429)
(2, 1430)
(2, 1431)
(2, 1436)
(2, 1437)
(2, 1438)
(2, 1440)
(2, 1442)
(2, 1446)
(2, 1450)
(2, 1451)
(2, 1452)
(2, 1454)
(2, 1460)
(2, 1461)
(2, 1462)
(2, 1470)
(2, 1471)
(2, 1472)
(2, 1474)
(2, 1482)
(2, 1486)
(2, 1487)
(2, 1488)
(2, 1495)
(2, 1496)
(2, 1500)
(2, 1505)
(2, 1506)
(2, 1508)
(2, 1509)
(2, 1512)
(2, 1514)
(2, 1517)
(2, 1519)
(2, 1520)
(2, 1524)
(2, 1525)
(2, 1526)
(2, 1529)
(2, 1531)
(2, 1538)
(2, 1541)
(2, 1546)
(2, 1547)
(2, 1550)
(2, 1557)
(2, 1559)
(2, 1561)
(2, 1564)
(2, 1565)
(2, 1566)
(2, 1568)
(2, 1569)
(2, 1572)
(2, 1575)
(2, 1578)
(2, 1580)
(2, 1582)
(2, 1583)
(2, 1584)
(2, 1588)
(2, 1592)
(2, 1596)
(2, 1597)
(2, 1598)
(2, 1600)
(2, 1602)
(2, 1603)
(2, 1604)
(2, 1606)
(2, 1607)
(2, 1612)
(2, 1615)
(2, 1616)
(2, 1618)
(2, 1622)
(2, 1623)
(2, 1624)
(2, 1625)
(2, 1626)
(2, 1628)
(2, 1629)
(2, 1630)
(2, 1633)
(2, 1634)
(2, 1635)
(2, 1637)
(2, 1646)
(2, 1647)
(2, 1648)
(2, 1657)
(2, 1659)
(2, 1668)
(2, 1669)
(2, 1670)
(2, 1672)
(2, 1677)
(2, 1680)
(2, 1681)
(2, 1682)
(2, 1684)
(2, 1685)
(2, 1689)
(2, 1690)
(2, 1692)
(2, 1694)
(2, 1696)
(2, 1700)
(2, 1701)
(2, 1704)
(2, 1705)
(2, 1706)
(2, 1708)
(2, 1710)
(2, 1711)
(2, 1717)
(2, 1724)
(2, 1725)
(2, 1727)
(2, 1729)
(2, 1738)
(2, 1739)
(2, 1742)
(2, 1746)
(2, 1747)
(2, 1748)
(2, 1749)
(2, 1751)
(2, 1753)
(2, 1757)
(2, 1760)
(2, 1762)
(2, 1763)
(2, 1767)
(2, 1768)
(2, 1772)
(2, 1775)
(2, 1776)
(2, 1781)
(2, 1782)
(2, 1783)
(2, 1786)
(2, 1787)
(2, 1788)
(2, 1790)
(2, 1793)
(2, 1800)
(2, 1805)
(2, 1807)
(2, 1809)
(2, 1810)
(2, 1811)
(2, 1813)
(2, 1814)
(2, 1816)
(2, 1819)
(2, 1821)
(2, 1822)
(2, 1823)
(2, 1826)
(2, 1828)
(2, 1829)
(2, 1830)
(2, 1835)
(2, 1837)
(2, 1838)
(2, 1842)
(2, 1851)
(2, 1857)
(2, 1858)
(2, 1861)
(2, 1863)
(2, 1865)
(2, 1871)
(2, 1873)
(2, 1875)
(2, 1876)
(2, 1878)
(2, 1880)
(2, 1883)
(2, 1885)
(2, 1886)
(2, 1887)
(2, 1888)
(2, 1889)
(2, 1890)
(2, 1891)
(2, 1894)
(2, 1900)
(2, 1901)
(2, 1902)
(2, 1907)
(2, 1908)
(2, 1910)
(2, 1911)
(2, 1916)
(2, 1919)
(2, 1920)
(2, 1922)
(2, 1928)
(2, 1932)
(2, 1935)
(2, 1937)
(2, 1938)
(2, 1941)
(2, 1942)
(2, 1946)
(2, 1950)
(2, 1954)
(2, 1956)
(2, 1958)
(2, 1960)
(2, 1965)
(2, 1971)
(2, 1972)
(2, 1978)
(2, 1981)
(2, 1982)
(2, 1983)
(2, 1984)
(2, 1987)
(2, 1988)
(2, 1989)
(2, 1991)
(2, 1996)
(2, 2000)
(3, 2)
(3, 6)
(3, 8)
(3, 9)
(3, 12)
(3, 13)
(3, 14)
(3, 15)
(3, 16)
(3, 18)
(3, 20)
(3, 22)
(3, 23)
(3, 26)
(3, 27)
(3, 28)
(3, 29)
(3, 30)
(3, 31)
(3, 32)
(3, 38)
(3, 40)
(3, 44)
(3, 46)
(3, 47)
(3, 48)
(3, 52)
(3, 55)
(3, 59)
(3, 60)
(3, 64)
(3, 65)
(3, 66)
(3, 69)
(3, 72)
(3, 74)
(3, 77)
(3, 78)
(3, 80)
(3, 81)
(3, 82)
(3, 84)
(3, 86)
(3, 91)
(3, 93)
(3, 95)
(3, 96)
(3, 100)
(3, 101)
(3, 106)
(3, 107)
(3, 110)
(3, 114)
(3, 115)
(3, 116)
(3, 120)
(3, 128)
(3, 132)
(3, 140)
(3, 141)
(3, 144)
(3, 145)
(3, 147)
(3, 148)
(3, 149)
(3, 157)
(3, 158)
(3, 159)
(3, 160)
(3, 163)
(3, 166)
(3, 167)
(3, 170)
(3, 171)
(3, 176)
(3, 177)
(3, 182)
(3, 183)
(3, 184)
(3, 185)
(3, 186)
(3, 189)
(3, 193)
(3, 197)
(3, 198)
(3, 201)
(3, 202)
(3, 203)
(3, 210)
(3, 212)
(3, 214)
(3, 216)
(3, 217)
(3, 220)
(3, 222)
(3, 229)
(3, 232)
(3, 237)
(3, 240)
(3, 242)
(3, 243)
(3, 245)
(3, 246)
(3, 247)
(3, 250)
(3, 253)
(3, 254)
(3, 257)
(3, 260)
(3, 262)
(3, 263)
(3, 265)
(3, 266)
(3, 268)
(3, 270)
(3, 273)
(3, 274)
(3, 277)
(3, 278)
(3, 284)
(3, 285)
(3, 286)
(3, 287)
(3, 289)
(3, 290)
(3, 291)
(3, 292)
(3, 296)
(3, 298)
(3, 300)
(3, 304)
(3, 305)
(3, 308)
(3, 309)
(3, 313)
(3, 314)
(3, 316)
(3, 318)
(3, 319)
(3, 322)
(3, 325)
(3, 326)
(3, 328)
(3, 329)
(3, 330)
(3, 338)
(3, 339)
(3, 341)
(3, 342)
(3, 343)
(3, 344)
(3, 345)
(3, 347)
(3, 352)
(3, 353)
(3, 354)
(3, 358)
(3, 364)
(3, 365)
(3, 368)
(3, 370)
(3, 371)
(3, 372)
(3, 377)
(3, 382)
(3, 384)
(3, 389)
(3, 390)
(3, 391)
(3, 392)
(3, 394)
(3, 397)
(3, 401)
(3, 402)
(3, 403)
(3, 404)
(3, 405)
(3, 406)
(3, 412)
(3, 415)
(3, 418)
(3, 419)
(3, 422)
(3, 426)
(3, 427)
(3, 429)
(3, 430)
(3, 432)
(3, 438)
(3, 443)
(3, 444)
(3, 448)
(3, 453)
(3, 454)
(3, 457)
(3, 460)
(3, 462)
(3, 464)
(3, 468)
(3, 470)
(3, 472)
(3, 473)
(3, 474)
(3, 475)
(3, 478)
(3, 479)
(3, 484)
(3, 485)
(3, 488)
(3, 489)
(3, 491)
(3, 492)
(3, 493)
(3, 495)
(3, 497)
(3, 500)
(3, 501)
(3, 502)
(3, 504)
(3, 505)
(3, 506)
(3, 509)
(3, 514)
(3, 516)
(3, 517)
(3, 518)
(3, 519)
(3, 521)
(3, 523)
(3, 525)
(3, 526)
(3, 529)
(3, 530)
(3, 536)
(3, 537)
(3, 539)
(3, 540)
(3, 541)
(3, 542)
(3, 548)
(3, 549)
(3, 552)
(3, 559)
(3, 560)
(3, 562)
(3, 564)
(3, 565)
(3, 567)
(3, 568)
(3, 569)
(3, 571)
(3, 573)
(3, 577)
(3, 579)
(3, 581)
(3, 582)
(3, 584)
(3, 586)
(3, 597)
(3, 599)
(3, 600)
(3, 603)
(3, 609)
(3, 610)
(3, 612)
(3, 619)
(3, 622)
(3, 624)
(3, 625)
(3, 627)
(3, 631)
(3, 632)
(3, 635)
(3, 636)
(3, 643)
(3, 644)
(3, 649)
(3, 657)
(3, 659)
(3, 660)
(3, 663)
(3, 666)
(3, 667)
(3, 669)
(3, 671)
(3, 672)
(3, 674)
(3, 676)
(3, 677)
(3, 679)
(3, 680)
(3, 681)
(3, 688)
(3, 689)
(3, 694)
(3, 695)
(3, 696)
(3, 698)
(3, 702)
(3, 704)
(3, 705)
(3, 707)
(3, 708)
(3, 709)
(3, 712)
(3, 713)
(3, 714)
(3, 715)
(3, 717)
(3, 718)
(3, 719)
(3, 722)
(3, 724)
(3, 727)
(3, 729)
(3, 732)
(3, 736)
(3, 738)
(3, 739)
(3, 744)
(3, 746)
(3, 747)
(3, 748)
(3, 751)
(3, 752)
(3, 753)
(3, 754)
(3, 755)
(3, 756)
(3, 758)
(3, 761)
(3, 764)
(3, 765)
(3, 767)
(3, 772)
(3, 774)
(3, 777)
(3, 779)
(3, 781)
(3, 782)
(3, 783)
(3, 792)
(3, 793)
(3, 795)
(3, 800)
(3, 802)
(3, 803)
(3, 807)
(3, 808)
(3, 809)
(3, 810)
(3, 811)
(3, 813)
(3, 815)
(3, 816)
(3, 819)
(3, 823)
(3, 825)
(3, 829)
(3, 833)
(3, 835)
(3, 837)
(3, 839)
(3, 840)
(3, 842)
(3, 843)
(3, 849)
(3, 853)
(3, 856)
(3, 857)
(3, 861)
(3, 862)
(3, 863)
(3, 866)
(3, 869)
(3, 870)
(3, 872)
(3, 873)
(3, 874)
(3, 881)
(3, 885)
(3, 886)
(3, 887)
(3, 890)
(3, 891)
(3, 893)
(3, 895)
(3, 899)
(3, 900)
(3, 901)
(3, 902)
(3, 909)
(3, 910)
(3, 912)
(3, 915)
(3, 917)
(3, 919)
(3, 920)
(3, 922)
(3, 923)
(3, 926)
(3, 927)
(3, 928)
(3, 929)
(3, 931)
(3, 932)
(3, 933)
(3, 934)
(3, 936)
(3, 938)
(3, 940)
(3, 942)
(3, 943)
(3, 944)
(3, 945)
(3, 947)
(3, 948)
(3, 949)
(3, 954)
(3, 955)
(3, 957)
(3, 960)
(3, 962)
(3, 965)
(3, 967)
(3, 968)
(3, 971)
(3, 975)
(3, 977)
(3, 978)
(3, 980)
(3, 982)
(3, 983)
(3, 990)
(3, 992)
(3, 993)
(3, 994)
(3, 997)
(3, 1000)
(3, 1003)
(3, 1005)
(3, 1007)
(3, 1009)
(3, 1011)
(3, 1013)
(3, 1018)
(3, 1020)
(3, 1021)
(3, 1022)
(3, 1026)
(3, 1027)
(3, 1030)
(3, 1033)
(3, 1034)
(3, 1037)
(3, 1040)
(3, 1041)
(3, 1042)
(3, 1044)
(3, 1045)
(3, 1049)
(3, 1052)
(3, 1056)
(3, 1058)
(3, 1062)
(3, 1063)
(3, 1065)
(3, 1066)
(3, 1068)
(3, 1071)
(3, 1072)
(3, 1073)
(3, 1074)
(3, 1078)
(3, 1079)
(3, 1089)
(3, 1091)
(3, 1093)
(3, 1094)
(3, 1096)
(3, 1098)
(3, 1101)
(3, 1102)
(3, 1104)
(3, 1110)
(3, 1111)
(3, 1112)
(3, 1115)
(3, 1118)
(3, 1120)
(3, 1122)
(3, 1123)
(3, 1125)
(3, 1126)
(3, 1130)
(3, 1134)
(3, 1136)
(3, 1137)
(3, 1139)
(3, 1143)
(3, 1144)
(3, 1145)
(3, 1147)
(3, 1148)
(3, 1149)
(3, 1150)
(3, 1151)
(3, 1154)
(3, 1158)
(3, 1161)
(3, 1164)
(3, 1167)
(3, 1168)
(3, 1171)
(3, 1172)
(3, 1174)
(3, 1175)
(3, 1176)
(3, 1177)
(3, 1178)
(3, 1182)
(3, 1183)
(3, 1184)
(3, 1186)
(3, 1187)
(3, 1188)
(3, 1192)
(3, 1195)
(3, 1201)
(3, 1202)
(3, 1203)
(3, 1206)
(3, 1208)
(3, 1209)
(3, 1211)
(3, 1213)
(3, 1218)
(3, 1222)
(3, 1223)
(3, 1225)
(3, 1227)
(3, 1228)
(3, 1231)
(3, 1232)
(3, 1234)
(3, 1235)
(3, 1238)
(3, 1242)
(3, 1243)
(3, 1246)
(3, 1247)
(3, 1248)
(3, 1249)
(3, 1251)
(3, 1258)
(3, 1259)
(3, 1261)
(3, 1263)
(3, 1269)
(3, 1275)
(3, 1276)
(3, 1277)
(3, 1279)
(3, 1280)
(3, 1283)
(3, 1289)
(3, 1290)
(3, 1291)
(3, 1300)
(3, 1301)
(3, 1302)
(3, 1303)
(3, 1304)
(3, 1309)
(3, 1312)
(3, 1313)
(3, 1315)
(3, 1317)
(3, 1322)
(3, 1324)
(3, 1333)
(3, 1335)
(3, 1336)
(3, 1337)
(3, 1338)
(3, 1343)
(3, 1344)
(3, 1347)
(3, 1348)
(3, 1349)
(3, 1351)
(3, 1352)
(3, 1354)
(3, 1355)
(3, 1356)
(3, 1359)
(3, 1361)
(3, 1363)
(3, 1365)
(3, 1366)
(3, 1367)
(3, 1368)
(3, 1371)
(3, 1373)
(3, 1375)
(3, 1376)
(3, 1378)
(3, 1381)
(3, 1382)
(3, 1383)
(3, 1384)
(3, 1387)
(3, 1393)
(3, 1395)
(3, 1396)
(3, 1398)
(3, 1399)
(3, 1400)
(3, 1403)
(3, 1404)
(3, 1407)
(3, 1412)
(3, 1413)
(3, 1415)
(3, 1418)
(3, 1419)
(3, 1422)
(3, 1423)
(3, 1424)
(3, 1425)
(3, 1428)
(3, 1429)
(3, 1434)
(3, 1439)
(3, 1440)
(3, 1443)
(3, 1444)
(3, 1446)
(3, 1447)
(3, 1449)
(3, 1450)
(3, 1456)
(3, 1458)
(3, 1459)
(3, 1463)
(3, 1467)
(3, 1469)
(3, 1473)
(3, 1476)
(3, 1477)
(3, 1478)
(3, 1484)
(3, 1486)
(3, 1488)
(3, 1491)
(3, 1493)
(3, 1495)
(3, 1496)
(3, 1497)
(3, 1502)
(3, 1503)
(3, 1505)
(3, 1506)
(3, 1507)
(3, 1510)
(3, 1511)
(3, 1513)
(3, 1518)
(3, 1522)
(3, 1524)
(3, 1526)
(3, 1528)
(3, 1529)
(3, 1530)
(3, 1531)
(3, 1533)
(3, 1535)
(3, 1536)
(3, 1537)
(3, 1538)
(3, 1539)
(3, 1541)
(3, 1547)
(3, 1551)
(3, 1553)
(3, 1554)
(3, 1556)
(3, 1557)
(3, 1558)
(3, 1559)
(3, 1561)
(3, 1565)
(3, 1567)
(3, 1568)
(3, 1571)
(3, 1578)
(3, 1579)
(3, 1580)
(3, 1583)
(3, 1584)
(3, 1587)
(3, 1591)
(3, 1602)
(3, 1604)
(3, 1606)
(3, 1608)
(3, 1609)
(3, 1612)
(3, 1614)
(3, 1615)
(3, 1620)
(3, 1621)
(3, 1623)
(3, 1624)
(3, 1625)
(3, 1627)
(3, 1630)
(3, 1632)
(3, 1633)
(3, 1634)
(3, 1635)
(3, 1637)
(3, 1641)
(3, 1642)
(3, 1643)
(3, 1644)
(3, 1645)
(3, 1654)
(3, 1658)
(3, 1659)
(3, 1660)
(3, 1662)
(3, 1670)
(3, 1671)
(3, 1674)
(3, 1676)
(3, 1678)
(3, 1679)
(3, 1686)
(3, 1688)
(3, 1689)
(3, 1690)
(3, 1691)
(3, 1705)
(3, 1707)
(3, 1708)
(3, 1709)
(3, 1713)
(3, 1716)
(3, 1722)
(3, 1729)
(3, 1732)
(3, 1734)
(3, 1739)
(3, 1744)
(3, 1745)
(3, 1747)
(3, 1749)
(3, 1752)
(3, 1753)
(3, 1755)
(3, 1756)
(3, 1757)
(3, 1759)
(3, 1761)
(3, 1764)
(3, 1766)
(3, 1767)
(3, 1771)
(3, 1773)
(3, 1775)
(3, 1776)
(3, 1777)
(3, 1780)
(3, 1785)
(3, 1786)
(3, 1787)
(3, 1788)
(3, 1790)
(3, 1793)
(3, 1794)
(3, 1795)
(3, 1797)
(3, 1798)
(3, 1800)
(3, 1802)
(3, 1803)
(3, 1807)
(3, 1808)
(3, 1810)
(3, 1812)
(3, 1814)
(3, 1815)
(3, 1816)
(3, 1817)
(3, 1821)
(3, 1823)
(3, 1825)
(3, 1837)
(3, 1843)
(3, 1844)
(3, 1848)
(3, 1850)
(3, 1851)
(3, 1852)
(3, 1853)
(3, 1859)
(3, 1861)
(3, 1862)
(3, 1867)
(3, 1868)
(3, 1869)
(3, 1873)
(3, 1876)
(3, 1878)
(3, 1879)
(3, 1880)
(3, 1884)
(3, 1885)
(3, 1886)
(3, 1887)
(3, 1899)
(3, 1902)
(3, 1905)
(3, 1906)
(3, 1908)
(3, 1909)
(3, 1910)
(3, 1911)
(3, 1912)
(3, 1915)
(3, 1917)
(3, 1919)
(3, 1924)
(3, 1925)
(3, 1926)
(3, 1928)
(3, 1931)
(3, 1932)
(3, 1934)
(3, 1936)
(3, 1938)
(3, 1939)
(3, 1940)
(3, 1943)
(3, 1946)
(3, 1951)
(3, 1957)
(3, 1960)
(3, 1961)
(3, 1962)
(3, 1963)
(3, 1964)
(3, 1969)
(3, 1970)
(3, 1971)
(3, 1975)
(3, 1976)
(3, 1984)
(3, 1985)
(3, 1987)
(3, 1988)
(3, 1990)
(3, 1991)
(3, 1994)
(3, 1995)
(3, 2000)
(4, 2)
(4, 3)
(4, 4)
(4, 5)
(4, 7)
(4, 12)
(4, 20)
(4, 25)
(4, 26)
(4, 27)
(4, 28)
(4, 31)
(4, 32)
(4, 33)
(4, 34)
(4, 35)
(4, 38)
(4, 41)
(4, 43)
(4, 45)
(4, 47)
(4, 49)
(4, 52)
(4, 53)
(4, 56)
(4, 58)
(4, 59)
(4, 60)
(4, 61)
(4, 62)
(4, 64)
(4, 66)
(4, 67)
(4, 68)
(4, 69)
(4, 70)
(4, 71)
(4, 72)
(4, 75)
(4, 76)
(4, 79)
(4, 83)
(4, 85)
(4, 87)
(4, 88)
(4, 91)
(4, 94)
(4, 95)
(4, 96)
(4, 97)
(4, 101)
(4, 103)
(4, 104)
(4, 106)
(4, 107)
(4, 113)
(4, 114)
(4, 116)
(4, 117)
(4, 119)
(4, 120)
(4, 121)
(4, 122)
(4, 125)
(4, 126)
(4, 128)
(4, 129)
(4, 133)
(4, 138)
(4, 139)
(4, 140)
(4, 143)
(4, 144)
(4, 147)
(4, 148)
(4, 149)
(4, 150)
(4, 151)
(4, 154)
(4, 155)
(4, 157)
(4, 158)
(4, 162)
(4, 164)
(4, 167)
(4, 174)
(4, 175)
(4, 176)
(4, 177)
(4, 178)
(4, 180)
(4, 184)
(4, 191)
(4, 195)
(4, 196)
(4, 199)
(4, 201)
(4, 204)
(4, 205)
(4, 206)
(4, 208)
(4, 210)
(4, 212)
(4, 213)
(4, 217)
(4, 218)
(4, 223)
(4, 225)
(4, 229)
(4, 231)
(4, 233)
(4, 237)
(4, 238)
(4, 242)
(4, 245)
(4, 248)
(4, 251)
(4, 252)
(4, 253)
(4, 254)
(4, 256)
(4, 258)
(4, 259)
(4, 262)
(4, 264)
(4, 265)
(4, 271)
(4, 272)
(4, 273)
(4, 274)
(4, 275)
(4, 276)
(4, 277)
(4, 279)
(4, 280)
(4, 281)
(4, 282)
(4, 283)
(4, 285)
(4, 286)
(4, 288)
(4, 293)
(4, 294)
(4, 296)
(4, 297)
(4, 305)
(4, 307)
(4, 309)
(4, 311)
(4, 312)
(4, 314)
(4, 318)
(4, 323)
(4, 325)
(4, 327)
(4, 328)
(4, 333)
(4, 335)
(4, 338)
(4, 341)
(4, 342)
(4, 344)
(4, 347)
(4, 353)
(4, 354)
(4, 356)
(4, 358)
(4, 360)
(4, 363)
(4, 365)
(4, 366)
(4, 371)
(4, 373)
(4, 379)
(4, 381)
(4, 382)
(4, 383)
(4, 385)
(4, 386)
(4, 388)
(4, 391)
(4, 392)
(4, 393)
(4, 396)
(4, 398)
(4, 399)
(4, 402)
(4, 404)
(4, 408)
(4, 410)
(4, 411)
(4, 412)
(4, 414)
(4, 418)
(4, 419)
(4, 420)
(4, 424)
(4, 426)
(4, 427)
(4, 428)
(4, 430)
(4, 434)
(4, 435)
(4, 437)
(4, 438)
(4, 440)
(4, 444)
(4, 446)
(4, 447)
(4, 448)
(4, 449)
(4, 450)
(4, 454)
(4, 458)
(4, 461)
(4, 464)
(4, 465)
(4, 472)
(4, 473)
(4, 474)
(4, 475)
(4, 479)
(4, 481)
(4, 483)
(4, 486)
(4, 487)
(4, 488)
(4, 492)
(4, 493)
(4, 494)
(4, 495)
(4, 496)
(4, 499)
(4, 500)
(4, 502)
(4, 503)
(4, 506)
(4, 510)
(4, 513)
(4, 515)
(4, 516)
(4, 524)
(4, 528)
(4, 531)
(4, 536)
(4, 537)
(4, 538)
(4, 539)
(4, 541)
(4, 542)
(4, 543)
(4, 544)
(4, 547)
(4, 548)
(4, 549)
(4, 550)
(4, 555)
(4, 556)
(4, 557)
(4, 558)
(4, 559)
(4, 560)
(4, 562)
(4, 563)
(4, 564)
(4, 566)
(4, 567)
(4, 568)
(4, 570)
(4, 572)
(4, 574)
(4, 575)
(4, 576)
(4, 580)
(4, 581)
(4, 583)
(4, 584)
(4, 585)
(4, 587)
(4, 590)
(4, 592)
(4, 594)
(4, 595)
(4, 596)
(4, 597)
(4, 598)
(4, 599)
(4, 604)
(4, 605)
(4, 611)
(4, 612)
(4, 615)
(4, 616)
(4, 619)
(4, 620)
(4, 622)
(4, 628)
(4, 630)
(4, 634)
(4, 639)
(4, 642)
(4, 646)
(4, 649)
(4, 652)
(4, 653)
(4, 654)
(4, 655)
(4, 656)
(4, 661)
(4, 662)
(4, 667)
(4, 670)
(4, 672)
(4, 673)
(4, 676)
(4, 678)
(4, 686)
(4, 689)
(4, 692)
(4, 693)
(4, 697)
(4, 700)
(4, 701)
(4, 705)
(4, 708)
(4, 709)
(4, 712)
(4, 713)
(4, 715)
(4, 716)
(4, 717)
(4, 719)
(4, 722)
(4, 723)
(4, 725)
(4, 731)
(4, 737)
(4, 738)
(4, 741)
(4, 745)
(4, 746)
(4, 747)
(4, 748)
(4, 751)
(4, 753)
(4, 755)
(4, 756)
(4, 758)
(4, 759)
(4, 762)
(4, 763)
(4, 764)
(4, 768)
(4, 770)
(4, 774)
(4, 778)
(4, 782)
(4, 785)
(4, 786)
(4, 787)
(4, 792)
(4, 796)
(4, 797)
(4, 799)
(4, 800)
(4, 809)
(4, 818)
(4, 819)
(4, 820)
(4, 822)
(4, 823)
(4, 828)
(4, 830)
(4, 834)
(4, 835)
(4, 837)
(4, 838)
(4, 841)
(4, 842)
(4, 846)
(4, 850)
(4, 851)
(4, 852)
(4, 854)
(4, 857)
(4, 859)
(4, 860)
(4, 862)
(4, 863)
(4, 867)
(4, 871)
(4, 872)
(4, 875)
(4, 877)
(4, 878)
(4, 879)
(4, 884)
(4, 886)
(4, 888)
(4, 893)
(4, 894)
(4, 895)
(4, 900)
(4, 901)
(4, 903)
(4, 906)
(4, 908)
(4, 909)
(4, 911)
(4, 913)
(4, 914)
(4, 916)
(4, 919)
(4, 921)
(4, 925)
(4, 928)
(4, 937)
(4, 938)
(4, 939)
(4, 940)
(4, 942)
(4, 943)
(4, 944)
(4, 947)
(4, 948)
(4, 951)
(4, 956)
(4, 957)
(4, 958)
(4, 959)
(4, 960)
(4, 962)
(4, 963)
(4, 968)
(4, 969)
(4, 970)
(4, 974)
(4, 976)
(4, 981)
(4, 982)
(4, 987)
(4, 988)
(4, 991)
(4, 996)
(4, 1002)
(4, 1004)
(4, 1005)
(4, 1007)
(4, 1008)
(4, 1009)
(4, 1010)
(4, 1014)
(4, 1015)
(4, 1016)
(4, 1027)
(4, 1028)
(4, 1029)
(4, 1030)
(4, 1031)
(4, 1037)
(4, 1041)
(4, 1042)
(4, 1043)
(4, 1045)
(4, 1046)
(4, 1047)
(4, 1051)
(4, 1052)
(4, 1053)
(4, 1058)
(4, 1064)
(4, 1065)
(4, 1067)
(4, 1069)
(4, 1072)
(4, 1073)
(4, 1076)
(4, 1077)
(4, 1079)
(4, 1080)
(4, 1081)
(4, 1084)
(4, 1087)
(4, 1088)
(4, 1091)
(4, 1092)
(4, 1094)
(4, 1096)
(4, 1097)
(4, 1099)
(4, 1100)
(4, 1105)
(4, 1106)
(4, 1107)
(4, 1113)
(4, 1114)
(4, 1115)
(4, 1116)
(4, 1117)
(4, 1119)
(4, 1120)
(4, 1124)
(4, 1125)
(4, 1128)
(4, 1132)
(4, 1133)
(4, 1134)
(4, 1135)
(4, 1136)
(4, 1140)
(4, 1141)
(4, 1143)
(4, 1144)
(4, 1145)
(4, 1146)
(4, 1150)
(4, 1152)
(4, 1154)
(4, 1155)
(4, 1158)
(4, 1159)
(4, 1160)
(4, 1167)
(4, 1168)
(4, 1175)
(4, 1178)
(4, 1179)
(4, 1183)
(4, 1185)
(4, 1188)
(4, 1193)
(4, 1194)
(4, 1195)
(4, 1196)
(4, 1199)
(4, 1201)
(4, 1204)
(4, 1208)
(4, 1209)
(4, 1210)
(4, 1212)
(4, 1213)
(4, 1215)
(4, 1217)
(4, 1218)
(4, 1222)
(4, 1225)
(4, 1226)
(4, 1233)
(4, 1234)
(4, 1236)
(4, 1238)
(4, 1240)
(4, 1241)
(4, 1244)
(4, 1254)
(4, 1257)
(4, 1261)
(4, 1264)
(4, 1266)
(4, 1268)
(4, 1269)
(4, 1271)
(4, 1272)
(4, 1277)
(4, 1281)
(4, 1282)
(4, 1283)
(4, 1285)
(4, 1286)
(4, 1290)
(4, 1292)
(4, 1296)
(4, 1303)
(4, 1304)
(4, 1312)
(4, 1314)
(4, 1315)
(4, 1317)
(4, 1319)
(4, 1320)
(4, 1322)
(4, 1325)
(4, 1329)
(4, 1338)
(4, 1340)
(4, 1341)
(4, 1342)
(4, 1343)
(4, 1345)
(4, 1346)
(4, 1348)
(4, 1354)
(4, 1355)
(4, 1356)
(4, 1358)
(4, 1359)
(4, 1361)
(4, 1363)
(4, 1367)
(4, 1369)
(4, 1372)
(4, 1375)
(4, 1377)
(4, 1379)
(4, 1380)
(4, 1385)
(4, 1388)
(4, 1390)
(4, 1391)
(4, 1394)
(4, 1400)
(4, 1403)
(4, 1405)
(4, 1407)
(4, 1413)
(4, 1419)
(4, 1420)
(4, 1421)
(4, 1422)
(4, 1423)
(4, 1425)
(4, 1426)
(4, 1428)
(4, 1429)
(4, 1431)
(4, 1433)
(4, 1434)
(4, 1435)
(4, 1440)
(4, 1441)
(4, 1447)
(4, 1449)
(4, 1453)
(4, 1454)
(4, 1455)
(4, 1456)
(4, 1457)
(4, 1459)
(4, 1463)
(4, 1464)
(4, 1465)
(4, 1467)
(4, 1470)
(4, 1472)
(4, 1473)
(4, 1476)
(4, 1479)
(4, 1481)
(4, 1483)
(4, 1484)
(4, 1487)
(4, 1492)
(4, 1497)
(4, 1498)
(4, 1508)
(4, 1509)
(4, 1512)
(4, 1514)
(4, 1517)
(4, 1520)
(4, 1522)
(4, 1523)
(4, 1528)
(4, 1529)
(4, 1532)
(4, 1533)
(4, 1538)
(4, 1539)
(4, 1541)
(4, 1544)
(4, 1546)
(4, 1551)
(4, 1552)
(4, 1553)
(4, 1554)
(4, 1557)
(4, 1559)
(4, 1562)
(4, 1563)
(4, 1564)
(4, 1566)
(4, 1572)
(4, 1573)
(4, 1574)
(4, 1575)
(4, 1577)
(4, 1582)
(4, 1584)
(4, 1585)
(4, 1586)
(4, 1588)
(4, 1592)
(4, 1593)
(4, 1598)
(4, 1600)
(4, 1602)
(4, 1604)
(4, 1609)
(4, 1612)
(4, 1616)
(4, 1617)
(4, 1618)
(4, 1621)
(4, 1622)
(4, 1630)
(4, 1631)
(4, 1634)
(4, 1635)
(4, 1636)
(4, 1640)
(4, 1648)
(4, 1650)
(4, 1653)
(4, 1655)
(4, 1656)
(4, 1658)
(4, 1661)
(4, 1662)
(4, 1665)
(4, 1666)
(4, 1667)
(4, 1671)
(4, 1674)
(4, 1675)
(4, 1677)
(4, 1678)
(4, 1680)
(4, 1681)
(4, 1682)
(4, 1683)
(4, 1686)
(4, 1690)
(4, 1691)
(4, 1693)
(4, 1697)
(4, 1700)
(4, 1703)
(4, 1706)
(4, 1708)
(4, 1710)
(4, 1715)
(4, 1716)
(4, 1718)
(4, 1719)
(4, 1724)
(4, 1726)
(4, 1727)
(4, 1731)
(4, 1732)
(4, 1734)
(4, 1747)
(4, 1748)
(4, 1749)
(4, 1752)
(4, 1759)
(4, 1761)
(4, 1762)
(4, 1763)
(4, 1764)
(4, 1765)
(4, 1771)
(4, 1776)
(4, 1777)
(4, 1780)
(4, 1783)
(4, 1787)
(4, 1792)
(4, 1793)
(4, 1795)
(4, 1798)
(4, 1800)
(4, 1801)
(4, 1804)
(4, 1806)
(4, 1807)
(4, 1808)
(4, 1813)
(4, 1814)
(4, 1815)
(4, 1816)
(4, 1817)
(4, 1818)
(4, 1820)
(4, 1821)
(4, 1823)
(4, 1826)
(4, 1827)
(4, 1832)
(4, 1833)
(4, 1836)
(4, 1837)
(4, 1840)
(4, 1841)
(4, 1843)
(4, 1845)
(4, 1846)
(4, 1847)
(4, 1852)
(4, 1853)
(4, 1859)
(4, 1865)
(4, 1866)
(4, 1867)
(4, 1868)
(4, 1872)
(4, 1873)
(4, 1874)
(4, 1880)
(4, 1882)
(4, 1884)
(4, 1885)
(4, 1886)
(4, 1891)
(4, 1893)
(4, 1897)
(4, 1901)
(4, 1905)
(4, 1906)
(4, 1907)
(4, 1909)
(4, 1910)
(4, 1911)
(4, 1913)
(4, 1916)
(4, 1921)
(4, 1923)
(4, 1924)
(4, 1931)
(4, 1932)
(4, 1937)
(4, 1943)
(4, 1944)
(4, 1946)
(4, 1947)
(4, 1954)
(4, 1955)
(4, 1958)
(4, 1959)
(4, 1961)
(4, 1963)
(4, 1964)
(4, 1966)
(4, 1970)
(4, 1971)
(4, 1974)
(4, 1978)
(4, 1981)
(4, 1982)
(4, 1986)
(4, 1987)
(4, 1988)
(4, 1990)
(4, 1991)
(4, 1993)
(4, 1996)
(4, 1997)
(5, 4)
(5, 5)
(5, 8)
(5, 10)
(5, 11)
(5, 12)
(5, 13)
(5, 16)
(5, 17)
(5, 19)
(5, 20)
(5, 22)
(5, 23)
(5, 25)
(5, 26)
(5, 32)
(5, 33)
(5, 36)
(5, 37)
(5, 39)
(5, 42)
(5, 47)
(5, 49)
(5, 51)
(5, 56)
(5, 58)
(5, 63)
(5, 64)
(5, 67)
(5, 68)
(5, 71)
(5, 73)
(5, 74)
(5, 78)
(5, 81)
(5, 82)
(5, 83)
(5, 84)
(5, 88)
(5, 90)
(5, 94)
(5, 101)
(5, 106)
(5, 113)
(5, 124)
(5, 125)
(5, 126)
(5, 127)
(5, 128)
(5, 129)
(5, 131)
(5, 135)
(5, 138)
(5, 141)
(5, 143)
(5, 145)
(5, 147)
(5, 151)
(5, 154)
(5, 155)
(5, 156)
(5, 158)
(5, 159)
(5, 161)
(5, 163)
(5, 171)
(5, 175)
(5, 182)
(5, 184)
(5, 189)
(5, 191)
(5, 192)
(5, 193)
(5, 194)
(5, 196)
(5, 197)
(5, 198)
(5, 200)
(5, 201)
(5, 203)
(5, 205)
(5, 206)
(5, 211)
(5, 214)
(5, 216)
(5, 220)
(5, 223)
(5, 224)
(5, 225)
(5, 228)
(5, 232)
(5, 233)
(5, 235)
(5, 238)
(5, 242)
(5, 244)
(5, 246)
(5, 248)
(5, 250)
(5, 254)
(5, 256)
(5, 257)
(5, 258)
(5, 261)
(5, 265)
(5, 266)
(5, 268)
(5, 271)
(5, 274)
(5, 277)
(5, 279)
(5, 281)
(5, 282)
(5, 286)
(5, 288)
(5, 290)
(5, 291)
(5, 293)
(5, 295)
(5, 296)
(5, 300)
(5, 304)
(5, 305)
(5, 306)
(5, 308)
(5, 309)
(5, 310)
(5, 311)
(5, 312)
(5, 313)
(5, 315)
(5, 317)
(5, 321)
(5, 322)
(5, 323)
(5, 327)
(5, 331)
(5, 332)
(5, 335)
(5, 338)
(5, 345)
(5, 348)
(5, 349)
(5, 350)
(5, 351)
(5, 352)
(5, 353)
(5, 354)
(5, 362)
(5, 365)
(5, 368)
(5, 370)
(5, 371)
(5, 372)
(5, 374)
(5, 375)
(5, 376)
(5, 377)
(5, 378)
(5, 381)
(5, 383)
(5, 384)
(5, 386)
(5, 388)
(5, 389)
(5, 390)
(5, 396)
(5, 397)
(5, 399)
(5, 402)
(5, 403)
(5, 404)
(5, 405)
(5, 406)
(5, 409)
(5, 410)
(5, 412)
(5, 413)
(5, 417)
(5, 419)
(5, 423)
(5, 424)
(5, 426)
(5, 427)
(5, 430)
(5, 438)
(5, 439)
(5, 441)
(5, 443)
(5, 444)
(5, 445)
(5, 446)
(5, 449)
(5, 455)
(5, 456)
(5, 457)
(5, 458)
(5, 460)
(5, 461)
(5, 462)
(5, 463)
(5, 470)
(5, 471)
(5, 477)
(5, 479)
(5, 481)
(5, 484)
(5, 487)
(5, 488)
(5, 490)
(5, 493)
(5, 494)
(5, 498)
(5, 502)
(5, 507)
(5, 509)
(5, 510)
(5, 513)
(5, 516)
(5, 518)
(5, 519)
(5, 520)
(5, 521)
(5, 523)
(5, 524)
(5, 526)
(5, 527)
(5, 528)
(5, 529)
(5, 531)
(5, 534)
(5, 537)
(5, 545)
(5, 551)
(5, 557)
(5, 559)
(5, 560)
(5, 561)
(5, 563)
(5, 564)
(5, 566)
(5, 567)
(5, 568)
(5, 573)
(5, 576)
(5, 577)
(5, 579)
(5, 581)
(5, 582)
(5, 583)
(5, 585)
(5, 589)
(5, 591)
(5, 594)
(5, 599)
(5, 602)
(5, 603)
(5, 604)
(5, 608)
(5, 609)
(5, 611)
(5, 612)
(5, 613)
(5, 619)
(5, 622)
(5, 626)
(5, 627)
(5, 630)
(5, 633)
(5, 634)
(5, 635)
(5, 636)
(5, 638)
(5, 639)
(5, 641)
(5, 654)
(5, 657)
(5, 662)
(5, 663)
(5, 667)
(5, 671)
(5, 674)
(5, 675)
(5, 676)
(5, 678)
(5, 680)
(5, 681)
(5, 683)
(5, 689)
(5, 690)
(5, 691)
(5, 694)
(5, 700)
(5, 701)
(5, 702)
(5, 705)
(5, 709)
(5, 710)
(5, 711)
(5, 713)
(5, 715)
(5, 717)
(5, 720)
(5, 721)
(5, 723)
(5, 724)
(5, 726)
(5, 727)
(5, 730)
(5, 732)
(5, 734)
(5, 739)
(5, 740)
(5, 742)
(5, 743)
(5, 744)
(5, 746)
(5, 747)
(5, 751)
(5, 756)
(5, 757)
(5, 759)
(5, 763)
(5, 767)
(5, 768)
(5, 770)
(5, 776)
(5, 780)
(5, 784)
(5, 785)
(5, 787)
(5, 791)
(5, 792)
(5, 795)
(5, 796)
(5, 799)
(5, 803)
(5, 804)
(5, 813)
(5, 816)
(5, 818)
(5, 819)
(5, 820)
(5, 822)
(5, 824)
(5, 828)
(5, 829)
(5, 833)
(5, 834)
(5, 837)
(5, 838)
(5, 840)
(5, 841)
(5, 843)
(5, 845)
(5, 846)
(5, 848)
(5, 849)
(5, 856)
(5, 857)
(5, 859)
(5, 860)
(5, 862)
(5, 864)
(5, 867)
(5, 868)
(5, 871)
(5, 873)
(5, 875)
(5, 877)
(5, 883)
(5, 885)
(5, 889)
(5, 892)
(5, 894)
(5, 895)
(5, 896)
(5, 897)
(5, 899)
(5, 905)
(5, 908)
(5, 910)
(5, 912)
(5, 914)
(5, 915)
(5, 920)
(5, 926)
(5, 927)
(5, 929)
(5, 931)
(5, 932)
(5, 933)
(5, 937)
(5, 938)
(5, 939)
(5, 941)
(5, 947)
(5, 948)
(5, 951)
(5, 952)
(5, 957)
(5, 960)
(5, 961)
(5, 962)
(5, 966)
(5, 970)
(5, 971)
(5, 976)
(5, 978)
(5, 981)
(5, 983)
(5, 986)
(5, 987)
(5, 990)
(5, 993)
(5, 994)
(5, 996)
(5, 1000)
(5, 1001)
(5, 1004)
(5, 1008)
(5, 1014)
(5, 1016)
(5, 1018)
(5, 1020)
(5, 1023)
(5, 1025)
(5, 1027)
(5, 1029)
(5, 1030)
(5, 1031)
(5, 1034)
(5, 1035)
(5, 1042)
(5, 1043)
(5, 1044)
(5, 1045)
(5, 1046)
(5, 1051)
(5, 1052)
(5, 1053)
(5, 1056)
(5, 1057)
(5, 1059)
(5, 1060)
(5, 1061)
(5, 1062)
(5, 1063)
(5, 1067)
(5, 1069)
(5, 1071)
(5, 1072)
(5, 1075)
(5, 1077)
(5, 1078)
(5, 1080)
(5, 1081)
(5, 1085)
(5, 1089)
(5, 1094)
(5, 1095)
(5, 1096)
(5, 1097)
(5, 1098)
(5, 1100)
(5, 1102)
(5, 1103)
(5, 1106)
(5, 1107)
(5, 1108)
(5, 1110)
(5, 1111)
(5, 1113)
(5, 1114)
(5, 1116)
(5, 1117)
(5, 1120)
(5, 1125)
(5, 1126)
(5, 1127)
(5, 1128)
(5, 1129)
(5, 1136)
(5, 1138)
(5, 1140)
(5, 1142)
(5, 1143)
(5, 1144)
(5, 1146)
(5, 1147)
(5, 1149)
(5, 1152)
(5, 1153)
(5, 1155)
(5, 1161)
(5, 1163)
(5, 1172)
(5, 1173)
(5, 1176)
(5, 1179)
(5, 1182)
(5, 1183)
(5, 1185)
(5, 1186)
(5, 1189)
(5, 1190)
(5, 1192)
(5, 1195)
(5, 1196)
(5, 1201)
(5, 1202)
(5, 1204)
(5, 1205)
(5, 1206)
(5, 1209)
(5, 1213)
(5, 1216)
(5, 1218)
(5, 1224)
(5, 1225)
(5, 1226)
(5, 1233)
(5, 1234)
(5, 1238)
(5, 1239)
(5, 1243)
(5, 1244)
(5, 1245)
(5, 1246)
(5, 1247)
(5, 1251)
(5, 1252)
(5, 1253)
(5, 1254)
(5, 1255)
(5, 1257)
(5, 1261)
(5, 1262)
(5, 1265)
(5, 1266)
(5, 1269)
(5, 1270)
(5, 1271)
(5, 1273)
(5, 1276)
(5, 1277)
(5, 1280)
(5, 1282)
(5, 1288)
(5, 1289)
(5, 1292)
(5, 1294)
(5, 1295)
(5, 1299)
(5, 1300)
(5, 1301)
(5, 1303)
(5, 1305)
(5, 1307)
(5, 1311)
(5, 1312)
(5, 1313)
(5, 1314)
(5, 1316)
(5, 1318)
(5, 1319)
(5, 1321)
(5, 1322)
(5, 1324)
(5, 1333)
(5, 1334)
(5, 1336)
(5, 1338)
(5, 1341)
(5, 1345)
(5, 1346)
(5, 1349)
(5, 1350)
(5, 1356)
(5, 1360)
(5, 1362)
(5, 1363)
(5, 1365)
(5, 1366)
(5, 1368)
(5, 1370)
(5, 1373)
(5, 1377)
(5, 1384)
(5, 1385)
(5, 1389)
(5, 1394)
(5, 1396)
(5, 1398)
(5, 1401)
(5, 1402)
(5, 1403)
(5, 1412)
(5, 1414)
(5, 1415)
(5, 1416)
(5, 1417)
(5, 1419)
(5, 1420)
(5, 1422)
(5, 1423)
(5, 1425)
(5, 1427)
(5, 1429)
(5, 1430)
(5, 1431)
(5, 1432)
(5, 1433)
(5, 1435)
(5, 1436)
(5, 1440)
(5, 1441)
(5, 1442)
(5, 1444)
(5, 1447)
(5, 1448)
(5, 1450)
(5, 1453)
(5, 1454)
(5, 1455)
(5, 1456)
(5, 1458)
(5, 1460)
(5, 1461)
(5, 1464)
(5, 1465)
(5, 1469)
(5, 1470)
(5, 1477)
(5, 1479)
(5, 1480)
(5, 1482)
(5, 1484)
(5, 1487)
(5, 1489)
(5, 1491)
(5, 1497)
(5, 1499)
(5, 1500)
(5, 1501)
(5, 1502)
(5, 1504)
(5, 1506)
(5, 1507)
(5, 1509)
(5, 1511)
(5, 1512)
(5, 1514)
(5, 1517)
(5, 1518)
(5, 1520)
(5, 1522)
(5, 1528)
(5, 1529)
(5, 1535)
(5, 1536)
(5, 1541)
(5, 1542)
(5, 1543)
(5, 1547)
(5, 1548)
(5, 1555)
(5, 1556)
(5, 1560)
(5, 1562)
(5, 1563)
(5, 1564)
(5, 1573)
(5, 1575)
(5, 1587)
(5, 1589)
(5, 1590)
(5, 1594)
(5, 1597)
(5, 1601)
(5, 1605)
(5, 1610)
(5, 1617)
(5, 1618)
(5, 1621)
(5, 1622)
(5, 1626)
(5, 1631)
(5, 1632)
(5, 1633)
(5, 1635)
(5, 1636)
(5, 1642)
(5, 1643)
(5, 1644)
(5, 1647)
(5, 1648)
(5, 1654)
(5, 1655)
(5, 1657)
(5, 1658)
(5, 1660)
(5, 1661)
(5, 1662)
(5, 1663)
(5, 1664)
(5, 1665)
(5, 1666)
(5, 1668)
(5, 1674)
(5, 1677)
(5, 1681)
(5, 1683)
(5, 1688)
(5, 1689)
(5, 1695)
(5, 1698)
(5, 1699)
(5, 1700)
(5, 1702)
(5, 1705)
(5, 1706)
(5, 1708)
(5, 1710)
(5, 1711)
(5, 1713)
(5, 1714)
(5, 1717)
(5, 1719)
(5, 1721)
(5, 1728)
(5, 1729)
(5, 1731)
(5, 1732)
(5, 1737)
(5, 1738)
(5, 1740)
(5, 1746)
(5, 1748)
(5, 1752)
(5, 1753)
(5, 1759)
(5, 1762)
(5, 1763)
(5, 1767)
(5, 1768)
(5, 1769)
(5, 1771)
(5, 1778)
(5, 1782)
(5, 1785)
(5, 1786)
(5, 1790)
(5, 1791)
(5, 1792)
(5, 1794)
(5, 1796)
(5, 1798)
(5, 1800)
(5, 1801)
(5, 1807)
(5, 1810)
(5, 1811)
(5, 1815)
(5, 1816)
(5, 1820)
(5, 1821)
(5, 1826)
(5, 1828)
(5, 1830)
(5, 1832)
(5, 1834)
(5, 1836)
(5, 1845)
(5, 1849)
(5, 1850)
(5, 1854)
(5, 1858)
(5, 1861)
(5, 1863)
(5, 1864)
(5, 1868)
(5, 1869)
(5, 1872)
(5, 1873)
(5, 1874)
(5, 1875)
(5, 1876)
(5, 1877)
(5, 1879)
(5, 1880)
(5, 1883)
(5, 1884)
(5, 1885)
(5, 1888)
(5, 1891)
(5, 1892)
(5, 1895)
(5, 1896)
(5, 1899)
(5, 1903)
(5, 1907)
(5, 1909)
(5, 1912)
(5, 1915)
(5, 1916)
(5, 1922)
(5, 1924)
(5, 1928)
(5, 1931)
(5, 1938)
(5, 1939)
(5, 1940)
(5, 1941)
(5, 1944)
(5, 1947)
(5, 1948)
(5, 1949)
(5, 1952)
(5, 1954)
(5, 1957)
(5, 1959)
(5, 1960)
(5, 1961)
(5, 1962)
(5, 1965)
(5, 1966)
(5, 1974)
(5, 1975)
(5, 1983)
(5, 1984)
(5, 1986)
(5, 1987)
(5, 1988)
(5, 1991)
(5, 1994)
(5, 1997)
(5, 1998)
