(1, 1)
(1, 4)
(1, 8)
(1, 9)
(1, 10)
(1, 13)
(1, 15)
(1, 16)
(1, 17)
(1, 22)
(1, 26)
(1, 29)
(1, 30)
(1, 32)
(1, 35)
(1, 39)
(1, 40)
(1, 46)
(1, 48)
(1, 49)
(1, 50)
(1, 53)
(1, 55)
(1, 56)
(1, 57)
(1, 59)
(1, 63)
(1, 66)
(1, 71)
(1, 72)
(1, 74)
(1, 75)
(1, 76)
(1, 77)
(1, 80)
(1, 85)
(1, 87)
(1, 88)
(1, 104)
(1, 105)
(1, 106)
(1, 109)
(1, 111)
(1, 112)
(1, 113)
(1, 114)
(1, 116)
(1, 118)
(1, 120)
(1, 122)
(1, 123)
(1, 125)
(1, 126)
(1, 129)
(1, 130)
(1, 133)
(1, 134)
(1, 137)
(1, 138)
(1, 139)
(1, 141)
(1, 142)
(1, 145)
(1, 147)
(1, 148)
(1, 152)
(1, 154)
(1, 160)
(1, 162)
(1, 163)
(1, 164)
(1, 166)
(1, 169)
(1, 171)
(1, 176)
(1, 180)
(1, 184)
(1, 186)
(1, 187)
(1, 188)
(1, 189)
(1, 190)
(1, 191)
(1, 192)
(1, 194)
(1, 195)
(1, 196)
(1, 200)
(1, 201)
(1, 204)
(1, 205)
(1, 209)
(1, 210)
(1, 211)
(1, 213)
(1, 215)
(1, 216)
(1, 217)
(1, 221)
(1, 234)
(1, 236)
(1, 240)
(1, 241)
(1, 244)
(1, 245)
(1, 248)
(1, 249)
(1, 252)
(1, 254)
(1, 256)
(1, 258)
(1, 259)
(1, 260)
(1, 261)
(1, 262)
(1, 264)
(1, 265)
(1, 267)
(1, 269)
(1, 270)
(1, 271)
(1, 275)
(1, 276)
(1, 277)
(1, 279)
(1, 280)
(1, 284)
(1, 285)
(1, 290)
(1, 292)
(1, 294)
(1, 295)
(1, 296)
(1, 299)
(1, 300)
(1, 301)
(1, 303)
(1, 304)
(1, 307)
(1, 313)
(1, 314)
(1, 316)
(1, 321)
(1, 324)
(1, 325)
(1, 326)
(1, 335)
(1, 336)
(1, 339)
(1, 340)
(1, 344)
(1, 347)
(1, 348)
(1, 350)
(1, 352)
(1, 353)
(1, 357)
(1, 358)
(1, 359)
(1, 362)
(1, 365)
(1, 370)
(1, 372)
(1, 376)
(1, 377)
(1, 380)
(1, 381)
(1, 384)
(1, 385)
(1, 388)
(1, 389)
(1, 390)
(1, 392)
(1, 395)
(1, 396)
(1, 397)
(1, 401)
(1, 402)
(1, 403)
(1, 404)
(1, 408)
(1, 413)
(1, 417)
(1, 418)
(1, 419)
(1, 421)
(1, 423)
(1, 427)
(1, 433)
(1, 434)
(1, 437)
(1, 439)
(1, 440)
(1, 445)
(1, 451)
(1, 456)
(1, 459)
(1, 462)
(1, 463)
(1, 474)
(1, 476)
(1, 477)
(1, 478)
(1, 479)
(1, 483)
(1, 486)
(1, 488)
(1, 489)
(1, 490)
(1, 492)
(1, 498)
(1, 499)
(1, 501)
(1, 502)
(1, 503)
(1, 505)
(1, 509)
(1, 511)
(1, 513)
(1, 514)
(1, 516)
(1, 517)
(1, 518)
(1, 521)
(1, 523)
(1, 524)
(1, 525)
(1, 529)
(1, 534)
(1, 535)
(1, 536)
(1, 537)
(1, 539)
(1, 540)
(1, 545)
(1, 552)
(1, 556)
(1, 560)
(1, 561)
(1, 565)
(1, 566)
(1, 567)
(1, 570)
(1, 572)
(1, 576)
(1, 577)
(1, 578)
(1, 581)
(1, 582)
(1, 584)
(1, 585)
(1, 587)
(1, 592)
(1, 598)
(1, 600)
(1, 604)
(1, 608)
(1, 610)
(1, 612)
(1, 616)
(1, 617)
(1, 619)
(1, 625)
(1, 626)
(1, 629)
(1, 631)
(1, 632)
(1, 635)
(1, 638)
(1, 640)
(1, 647)
(1, 648)
(1, 650)
(1, 651)
(1, 652)
(1, 654)
(1, 663)
(1, 665)
(1, 668)
(1, 671)
(1, 678)
(1, 679)
(1, 683)
(1, 685)
(1, 686)
(1, 688)
(1, 690)
(1, 691)
(1, 693)
(1, 696)
(1, 697)
(1, 698)
(1, 707)
(1, 708)
(1, 709)
(1, 714)
(1, 715)
(1, 716)
(1, 722)
(1, 723)
(1, 724)
(1, 726)
(1, 727)
(1, 731)
(1, 732)
(1, 733)
(1, 735)
(1, 738)
(1, 741)
(1, 743)
(1, 745)
(1, 747)
(1, 750)
(1, 752)
(1, 755)
(1, 756)
(1, 760)
(1, 762)
(1, 769)
(1, 775)
(1, 778)
(1, 780)
(1, 781)
(1, 782)
(1, 789)
(1, 790)
(1, 791)
(1, 796)
(1, 798)
(1, 800)
(1, 802)
(1, 807)
(1, 808)
(1, 810)
(1, 813)
(1, 814)
(1, 815)
(1, 819)
(1, 823)
(1, 827)
(1, 828)
(1, 829)
(1, 832)
(1, 833)
(1, 834)
(1, 835)
(1, 837)
(1, 838)
(1, 849)
(1, 853)
(1, 857)
(1, 858)
(1, 871)
(1, 873)
(1, 875)
(1, 878)
(1, 883)
(1, 884)
(1, 886)
(1, 892)
(1, 894)
(1, 897)
(1, 898)
(1, 899)
(1, 900)
(1, 903)
(1, 904)
(1, 909)
(1, 914)
(1, 915)
(1, 917)
(1, 919)
(1, 922)
(1, 925)
(1, 926)
(1, 927)
(1, 928)
(1, 929)
(1, 933)
(1, 936)
(1, 937)
(1, 941)
(1, 942)
(1, 952)
(1, 954)
(1, 955)
(1, 957)
(1, 960)
(1, 963)
(1, 970)
(1, 972)
(1, 975)
(1, 979)
(1, 982)
(1, 983)
(1, 984)
(1, 993)
(1, 997)
(1, 1005)
(1, 1010)
(1, 1012)
(1, 1013)
(1, 1014)
(1, 1015)
(1, 1017)
(1, 1019)
(1, 1020)
(1, 1023)
(1, 1025)
(1, 1026)
(1, 1032)
(1, 1033)
(1, 1036)
(1, 1037)
(1, 1040)
(1, 1041)
(1, 1043)
(1, 1048)
(1, 1051)
(1, 1052)
(1, 1053)
(1, 1054)
(1, 1057)
(1, 1061)
(1, 1064)
(1, 1065)
(1, 1068)
(1, 1076)
(1, 1077)
(1, 1078)
(1, 1079)
(1, 1082)
(1, 1084)
(1, 1090)
(1, 1092)
(1, 1093)
(1, 1095)
(1, 1097)
(1, 1099)
(1, 1100)
(1, 1101)
(1, 1102)
(1, 1103)
(1, 1104)
(1, 1107)
(1, 1109)
(1, 1111)
(1, 1112)
(1, 1113)
(1, 1115)
(1, 1117)
(1, 1119)
(1, 1120)
(1, 1121)
(1, 1124)
(1, 1125)
(1, 1127)
(1, 1129)
(1, 1131)
(1, 1134)
(1, 1136)
(1, 1138)
(1, 1143)
(1, 1144)
(1, 1145)
(1, 1146)
(1, 1147)
(1, 1152)
(1, 1153)
(1, 1154)
(1, 1156)
(1, 1159)
(1, 1160)
(1, 1166)
(1, 1169)
(1, 1170)
(1, 1172)
(1, 1176)
(1, 1177)
(1, 1179)
(1, 1180)
(1, 1182)
(1, 1183)
(1, 1185)
(1, 1188)
(1, 1195)
(1, 1197)
(1, 1200)
(1, 1201)
(1, 1207)
(1, 1208)
(1, 1210)
(1, 1211)
(1, 1213)
(1, 1216)
(1, 1218)
(1, 1219)
(1, 1221)
(1, 1222)
(1, 1223)
(1, 1228)
(1, 1230)
(1, 1231)
(1, 1232)
(1, 1236)
(1, 1237)
(1, 1238)
(1, 1239)
(1, 1243)
(1, 1245)
(1, 1246)
(1, 1247)
(1, 1249)
(1, 1250)
(1, 1252)
(1, 1257)
(1, 1260)
(1, 1263)
(1, 1265)
(1, 1266)
(1, 1268)
(1, 1271)
(1, 1272)
(1, 1274)
(1, 1275)
(1, 1277)
(1, 1278)
(1, 1282)
(1, 1283)
(1, 1284)
(1, 1285)
(1, 1290)
(1, 1296)
(1, 1297)
(1, 1298)
(1, 1299)
(1, 1300)
(1, 1302)
(1, 1303)
(1, 1304)
(1, 1312)
(1, 1315)
(1, 1317)
(1, 1320)
(1, 1321)
(1, 1322)
(1, 1323)
(1, 1331)
(1, 1332)
(1, 1335)
(1, 1339)
(1, 1340)
(1, 1343)
(1, 1344)
(1, 1347)
(1, 1349)
(1, 1351)
(1, 1353)
(1, 1354)
(1, 1355)
(1, 1359)
(1, 1361)
(1, 1364)
(1, 1365)
(1, 1368)
(1, 1369)
(1, 1372)
(1, 1373)
(1, 1375)
(1, 1380)
(1, 1381)
(1, 1382)
(1, 1387)
(1, 1388)
(1, 1390)
(1, 1391)
(1, 1394)
(1, 1400)
(1, 1402)
(1, 1406)
(1, 1407)
(1, 1410)
(1, 1411)
(1, 1415)
(1, 1417)
(1, 1420)
(1, 1421)
(1, 1425)
(1, 1429)
(1, 1430)
(1, 1431)
(1, 1433)
(1, 1434)
(1, 1435)
(1, 1438)
(1, 1446)
(1, 1449)
(1, 1451)
(1, 1453)
(1, 1455)
(1, 1456)
(1, 1457)
(1, 1458)
(1, 1460)
(1, 1462)
(1, 1463)
(1, 1464)
(1, 1466)
(1, 1468)
(1, 1470)
(1, 1471)
(1, 1472)
(1, 1474)
(1, 1475)
(1, 1479)
(1, 1480)
(1, 1482)
(1, 1485)
(1, 1490)
(1, 1492)
(1, 1495)
(1, 1497)
(1, 1501)
(1, 1502)
(1, 1505)
(1, 1508)
(1, 1509)
(1, 1511)
(1, 1512)
(1, 1514)
(1, 1515)
(1, 1519)
(1, 1522)
(1, 1523)
(1, 1529)
(1, 1530)
(1, 1533)
(1, 1535)
(1, 1543)
(1, 1547)
(1, 1551)
(1, 1557)
(1, 1559)
(1, 1561)
(1, 1563)
(1, 1567)
(1, 1572)
(1, 1573)
(1, 1574)
(1, 1578)
(1, 1579)
(1, 1580)
(1, 1589)
(1, 1591)
(1, 1593)
(1, 1596)
(1, 1599)
(1, 1603)
(1, 1604)
(1, 1607)
(1, 1608)
(1, 1614)
(1, 1617)
(1, 1619)
(1, 1622)
(1, 1625)
(1, 1629)
(1, 1630)
(1, 1631)
(1, 1634)
(1, 1635)
(1, 1638)
(1, 1639)
(1, 1641)
(1, 1642)
(1, 1646)
(1, 1648)
(1, 1651)
(1, 1655)
(1, 1656)
(1, 1658)
(1, 1659)
(1, 1660)
(1, 1662)
(1, 1665)
(1, 1667)
(1, 1672)
(1, 1676)
(1, 1677)
(1, 1678)
(1, 1681)
(1, 1682)
(1, 1683)
(1, 1684)
(1, 1686)
(1, 1689)
(1, 1691)
(1, 1696)
(1, 1697)
(1, 1701)
(1, 1702)
(1, 1705)
(1, 1708)
(1, 1710)
(1, 1711)
(1, 1714)
(1, 1715)
(1, 1717)
(1, 1718)
(1, 1720)
(1, 1722)
(1, 1723)
(1, 1729)
(1, 1730)
(1, 1731)
(1, 1734)
(1, 1735)
(1, 1736)
(1, 1737)
(1, 1738)
(1, 1739)
(1, 1753)
(1, 1754)
(1, 1755)
(1, 1759)
(1, 1762)
(1, 1763)
(1, 1767)
(1, 1770)
(1, 1771)
(1, 1773)
(1, 1774)
(1, 1775)
(1, 1777)
(1, 1778)
(1, 1781)
(1, 1785)
(1, 1786)
(1, 1787)
(1, 1788)
(1, 1789)
(1, 1790)
(1, 1791)
(1, 1795)
(1, 1796)
(1, 1797)
(1, 1799)
(1, 1803)
(1, 1804)
(1, 1805)
(1, 1812)
(1, 1813)
(1, 1814)
(1, 1815)
(1, 1816)
(1, 1817)
(1, 1820)
(1, 1821)
(1, 1825)
(1, 1828)
(1, 1831)
(1, 1834)
(1, 1839)
(1, 1840)
(1, 1841)
(1, 1843)
(1, 1846)
(1, 1848)
(1, 1850)
(1, 1851)
(1, 1853)
(1, 1856)
(1, 1858)
(1, 1859)
(1, 1860)
(1, 1863)
(1, 1865)
(1, 1866)
(1, 1868)
(1, 1869)
(1, 1873)
(1, 1874)
(1, 1875)
(1, 1876)
(1, 1878)
(1, 1879)
(1, 1880)
(1, 1881)
(1, 1882)
(1, 1883)
(1, 1886)
(1, 1887)
(1, 1888)
(1, 1890)
(1, 1892)
(1, 1897)
(1, 1898)
(1, 1899)
(1, 1900)
(1, 1901)
(1, 1906)
(1, 1907)
(1, 1909)
(1, 1911)
(1, 1913)
(1, 1914)
(1, 1915)
(1, 1923)
(1, 1924)
(1, 1926)
(1, 1929)
(1, 1930)
(1, 1932)
(1, 1934)
(1, 1938)
(1, 1940)
(1, 1943)
(1, 1948)
(1, 1949)
(1, 1953)
(1, 1954)
(1, 1956)
(1, 1957)
(1, 1958)
(1, 1959)
(1, 1962)
(1, 1963)
(1, 1966)
(1, 1967)
(1, 1968)
(1, 1969)
(1, 1971)
(1, 1972)
(1, 1974)
(1, 1975)
(1, 1977)
(1, 1980)
(1, 1982)
(1, 1984)
(1, 1987)
(1, 1991)
(1, 1996)
(1, 1998)
(1, 1999)
(2, 1)
(2, 2)
(2, 3)
(2, 5)
(2, 6)
(2, 7)
(2, 9)
(2, 11)
(2, 16)
(2, 17)
(2, 18)
(2, 23)
(2, 29)
(2, 30)
(2, 35)
(2, 40)
(2, 41)
(2, 43)
(2, 47)
(2, 48)
(2, 51)
(2, 52)
(2, 53)
(2, 54)
(2, 55)
(2, 57)
(2, 58)
(2, 59)
(2, 60)
(2, 62)
(2, 65)
(2, 68)
(2, 69)
(2, 71)
(2, 72)
(2, 77)
(2, 83)
(2, 85)
(2, 92)
(2, 96)
(2, 98)
(2, 99)
(2, 102)
(2, 103)
(2, 105)
(2, 106)
(2, 107)
(2, 108)
(2, 110)
(2, 111)
(2, 113)
(2, 115)
(2, 116)
(2, 117)
(2, 118)
(2, 120)
(2, 124)
(2, 128)
(2, 130)
(2, 133)
(2, 135)
(2, 136)
(2, 137)
(2, 144)
(2, 145)
(2, 146)
(2, 147)
(2, 151)
(2, 152)
(2, 154)
(2, 157)
(2, 159)
(2, 160)
(2, 163)
(2, 164)
(2, 165)
(2, 166)
(2, 168)
(2, 169)
(2, 170)
(2, 173)
(2, 174)
(2, 176)
(2, 181)
(2, 182)
(2, 187)
(2, 189)
(2, 190)
(2, 195)
(2, 202)
(2, 214)
(2, 215)
(2, 217)
(2, 218)
(2, 220)
(2, 223)
(2, 226)
(2, 228)
(2, 229)
(2, 230)
(2, 231)
(2, 232)
(2, 233)
(2, 234)
(2, 241)
(2, 242)
(2, 250)
(2, 253)
(2, 259)
(2, 260)
(2, 262)
(2, 265)
(2, 268)
(2, 272)
(2, 273)
(2, 274)
(2, 279)
(2, 283)
(2, 284)
(2, 287)
(2, 295)
(2, 296)
(2, 298)
(2, 300)
(2, 311)
(2, 314)
(2, 316)
(2, 317)
(2, 318)
(2, 320)
(2, 321)
(2, 325)
(2, 326)
(2, 329)
(2, 337)
(2, 338)
(2, 341)
(2, 343)
(2, 345)
(2, 349)
(2, 351)
(2, 352)
(2, 353)
(2, 355)
(2, 356)
(2, 359)
(2, 360)
(2, 361)
(2, 363)
(2, 368)
(2, 369)
(2, 373)
(2, 377)
(2, 378)
(2, 382)
(2, 383)
(2, 385)
(2, 386)
(2, 388)
(2, 391)
(2, 394)
(2, 395)
(2, 397)
(2, 402)
(2, 404)
(2, 405)
(2, 408)
(2, 409)
(2, 411)
(2, 412)
(2, 414)
(2, 418)
(2, 420)
(2, 421)
(2, 422)
(2, 423)
(2, 425)
(2, 426)
(2, 427)
(2, 428)
(2, 430)
(2, 431)
(2, 433)
(2, 434)
(2, 435)
(2, 436)
(2, 437)
(2, 438)
(2, 439)
(2, 440)
(2, 442)
(2, 443)
(2, 446)
(2, 447)
(2, 448)
(2, 449)
(2, 451)
(2, 453)
(2, 455)
(2, 456)
(2, 460)
(2, 463)
(2, 466)
(2, 467)
(2, 469)
(2, 470)
(2, 472)
(2, 477)
(2, 478)
(2, 481)
(2, 484)
(2, 485)
(2, 486)
(2, 488)
(2, 491)
(2, 493)
(2, 494)
(2, 499)
(2, 503)
(2, 505)
(2, 507)
(2, 508)
(2, 509)
(2, 510)
(2, 511)
(2, 512)
(2, 514)
(2, 515)
(2, 516)
(2, 517)
(2, 521)
(2, 523)
(2, 528)
(2, 530)
(2, 532)
(2, 536)
(2, 537)
(2, 539)
(2, 541)
(2, 542)
(2, 545)
(2, 546)
(2, 547)
(2, 548)
(2, 553)
(2, 555)
(2, 558)
(2, 559)
(2, 560)
(2, 563)
(2, 564)
(2, 565)
(2, 569)
(2, 570)
(2, 572)
(2, 574)
(2, 575)
(2, 576)
(2, 577)
(2, 580)
(2, 582)
(2, 584)
(2, 589)
(2, 591)
(2, 592)
(2, 593)
(2, 594)
(2, 598)
(2, 600)
(2, 604)
(2, 606)
(2, 607)
(2, 609)
(2, 610)
(2, 616)
(2, 619)
(2, 622)
(2, 623)
(2, 625)
(2, 627)
(2, 631)
(2, 632)
(2, 636)
(2, 637)
(2, 640)
(2, 641)
(2, 642)
(2, 645)
(2, 646)
(2, 648)
(2, 650)
(2, 652)
(2, 657)
(2, 658)
(2, 659)
(2, 661)
(2, 667)
(2, 672)
(2, 675)
(2, 684)
(2, 685)
(2, 687)
(2, 690)
(2, 693)
(2, 695)
(2, 698)
(2, 700)
(2, 703)
(2, 704)
(2, 706)
(2, 708)
(2, 710)
(2, 711)
(2, 712)
(2, 713)
(2, 718)
(2, 719)
(2, 720)
(2, 721)
(2, 722)
(2, 723)
(2, 724)
(2, 725)
(2, 727)
(2, 729)
(2, 731)
(2, 738)
(2, 741)
(2, 746)
(2, 748)
(2, 752)
(2, 753)
(2, 754)
(2, 758)
(2, 759)
(2, 760)
(2, 762)
(2, 764)
(2, 766)
(2, 767)
(2, 768)
(2, 769)
(2, 770)
(2, 780)
(2, 783)
(2, 785)
(2, 786)
(2, 787)
(2, 791)
(2, 793)
(2, 800)
(2, 801)
(2, 808)
(2, 812)
(2, 813)
(2, 816)
(2, 817)
(2, 819)
(2, 820)
(2, 821)
(2, 826)
(2, 829)
(2, 830)
(2, 832)
(2, 833)
(2, 835)
(2, 837)
(2, 840)
(2, 842)
(2, 843)
(2, 847)
(2, 848)
(2, 852)
(2, 853)
(2, 854)
(2, 856)
(2, 857)
(2, 858)
(2, 860)
(2, 861)
(2, 864)
(2, 867)
(2, 868)
(2, 869)
(2, 870)
(2, 871)
(2, 872)
(2, 873)
(2, 878)
(2, 879)
(2, 882)
(2, 885)
(2, 886)
(2, 887)
(2, 892)
(2, 894)
(2, 896)
(2, 897)
(2, 898)
(2, 900)
(2, 902)
(2, 903)
(2, 906)
(2, 907)
(2, 911)
(2, 912)
(2, 913)
(2, 914)
(2, 915)
(2, 916)
(2, 917)
(2, 918)
(2, 922)
(2, 923)
(2, 924)
(2, 925)
(2, 929)
(2, 931)
(2, 935)
(2, 938)
(2, 939)
(2, 943)
(2, 947)
(2, 949)
(2, 955)
(2, 956)
(2, 958)
(2, 960)
(2, 961)
(2, 964)
(2, 968)
(2, 972)
(2, 975)
(2, 979)
(2, 981)
(2, 982)
(2, 983)
(2, 985)
(2, 989)
(2, 990)
(2, 991)
(2, 992)
(2, 993)
(2, 994)
(2, 996)
(2, 998)
(2, 999)
(2, 1000)
(2, 1007)
(2, 1009)
(2, 1010)
(2, 1013)
(2, 1016)
(2, 1017)
(2, 1021)
(2, 1023)
(2, 1028)
(2, 1030)
(2, 1031)
(2, 1032)
(2, 1033)
(2, 1039)
(2, 1041)
(2, 1042)
(2, 1043)
(2, 1049)
(2, 1051)
(2, 1055)
(2, 1057)
(2, 1058)
(2, 1063)
(2, 1065)
(2, 1068)
(2, 1076)
(2, 1077)
(2, 1078)
(2, 1079)
(2, 1091)
(2, 1092)
(2, 1093)
(2, 1094)
(2, 1096)
(2, 1104)
(2, 1109)
(2, 1112)
(2, 1117)
(2, 1118)
(2, 1119)
(2, 1120)
(2, 1122)
(2, 1135)
(2, 1136)
(2, 1137)
(2, 1141)
(2, 1143)
(2, 1149)
(2, 1150)
(2, 1152)
(2, 1154)
(2, 1156)
(2, 1157)
(2, 1158)
(2, 1164)
(2, 1166)
(2, 1167)
(2, 1170)
(2, 1171)
(2, 1176)
(2, 1179)
(2, 1183)
(2, 1184)
(2, 1185)
(2, 1187)
(2, 1192)
(2, 1193)
(2, 1195)
(2, 1198)
(2, 1199)
(2, 1200)
(2, 1202)
(2, 1212)
(2, 1213)
(2, 1220)
(2, 1222)
(2, 1228)
(2, 1232)
(2, 1233)
(2, 1235)
(2, 1237)
(2, 1238)
(2, 1241)
(2, 1244)
(2, 1248)
(2, 1249)
(2, 1251)
(2, 1253)
(2, 1254)
(2, 1257)
(2, 1259)
(2, 1260)
(2, 1262)
(2, 1263)
(2, 1265)
(2, 1267)
(2, 1274)
(2, 1279)
(2, 1281)
(2, 1283)
(2, 1284)
(2, 1285)
(2, 1286)
(2, 1287)
(2, 1288)
(2, 1290)
(2, 1291)
(2, 1292)
(2, 1293)
(2, 1294)
(2, 1295)
(2, 1298)
(2, 1300)
(2, 1301)
(2, 1303)
(2, 1304)
(2, 1306)
(2, 1307)
(2, 1310)
(2, 1311)
(2, 1315)
(2, 1317)
(2, 1322)
(2, 1323)
(2, 1324)
(2, 1325)
(2, 1327)
(2, 1328)
(2, 1330)
(2, 1332)
(2, 1333)
(2, 1337)
(2, 1339)
(2, 1340)
(2, 1343)
(2, 1344)
(2, 1345)
(2, 1346)
(2, 1350)
(2, 1352)
(2, 1354)
(2, 1355)
(2, 1358)
(2, 1359)
(2, 1362)
(2, 1364)
(2, 1365)
(2, 1368)
(2, 1370)
(2, 1371)
(2, 1379)
(2, 1380)
(2, 1388)
(2, 1389)
(2, 1391)
(2, 1393)
(2, 1394)
(2, 1396)
(2, 1397)
(2, 1398)
(2, 1399)
(2, 1401)
(2, 1404)
(2, 1406)
(2, 1407)
(2, 1411)
(2, 1413)
(2, 1414)
(2, 1415)
(2, 1416)
(2, 1421)
(2, 1422)
(2, 1423)
(2, 1425)
(2, 1426)
(2, 1427)
(2, 1429)
(2, 1430)
(2, 1436)
(2, 1437)
(2, 1438)
(2, 1440)
(2, 1445)
(2, 1446)
(2, 1447)
(2, 1450)
(2, 1452)
(2, 1459)
(2, 1460)
(2, 1463)
(2, 1466)
(2, 1470)
(2, 1471)
(2, 1476)
(2, 1478)
(2, 1482)
(2, 1487)
(2, 1488)
(2, 1492)
(2, 1498)
(2, 1503)
(2, 1505)
(2, 1506)
(2, 1511)
(2, 1513)
(2, 1514)
(2, 1518)
(2, 1520)
(2, 1521)
(2, 1524)
(2, 1525)
(2, 1529)
(2, 1531)
(2, 1532)
(2, 1534)
(2, 1538)
(2, 1541)
(2, 1543)
(2, 1546)
(2, 1547)
(2, 1548)
(2, 1550)
(2, 1551)
(2, 1553)
(2, 1554)
(2, 1557)
(2, 1559)
(2, 1564)
(2, 1566)
(2, 1568)
(2, 1569)
(2, 1572)
(2, 1573)
(2, 1574)
(2, 1575)
(2, 1577)
(2, 1578)
(2, 1579)
(2, 1582)
(2, 1584)
(2, 1587)
(2, 1588)
(2, 1591)
(2, 1592)
(2, 1596)
(2, 1598)
(2, 1600)
(2, 1601)
(2, 1603)
(2, 1604)
(2, 1606)
(2, 1611)
(2, 1612)
(2, 1616)
(2, 1622)
(2, 1626)
(2, 1630)
(2, 1634)
(2, 1635)
(2, 1637)
(2, 1640)
(2, 1642)
(2, 1646)
(2, 1648)
(2, 1649)
(2, 1653)
(2, 1658)
(2, 1659)
(2, 1666)
(2, 1669)
(2, 1670)
(2, 1671)
(2, 1675)
(2, 1682)
(2, 1686)
(2, 1691)
(2, 1692)
(2, 1696)
(2, 1701)
(2, 1704)
(2, 1706)
(2, 1708)
(2, 1711)
(2, 1712)
(2, 1716)
(2, 1721)
(2, 1723)
(2, 1724)
(2, 1725)
(2, 1728)
(2, 1729)
(2, 1730)
(2, 1732)
(2, 1736)
(2, 1737)
(2, 1738)
(2, 1739)
(2, 1740)
(2, 1741)
(2, 1742)
(2, 1743)
(2, 1744)
(2, 1745)
(2, 1746)
(2, 1747)
(2, 1748)
(2, 1749)
(2, 1760)
(2, 1762)
(2, 1766)
(2, 1768)
(2, 1771)
(2, 1772)
(2, 1773)
(2, 1774)
(2, 1775)
(2, 1777)
(2, 1783)
(2, 1785)
(2, 1786)
(2, 1787)
(2, 1788)
(2, 1789)
(2, 1804)
(2, 1807)
(2, 1810)
(2, 1813)
(2, 1816)
(2, 1819)
(2, 1820)
(2, 1821)
(2, 1822)
(2, 1823)
(2, 1824)
(2, 1827)
(2, 1828)
(2, 1830)
(2, 1837)
(2, 1841)
(2, 1842)
(2, 1845)
(2, 1848)
(2, 1849)
(2, 1854)
(2, 1857)
(2, 1858)
(2, 1861)
(2, 1864)
(2, 1865)
(2, 1872)
(2, 1873)
(2, 1875)
(2, 1879)
(2, 1880)
(2, 1882)
(2, 1883)
(2, 1884)
(2, 1885)
(2, 1886)
(2, 1887)
(2, 1888)
(2, 1889)
(2, 1890)
(2, 1891)
(2, 1894)
(2, 1895)
(2, 1899)
(2, 1905)
(2, 1907)
(2, 1908)
(2, 1910)
(2, 1911)
(2, 1912)
(2, 1915)
(2, 1916)
(2, 1919)
(2, 1920)
(2, 1921)
(2, 1926)
(2, 1927)
(2, 1928)
(2, 1929)
(2, 1930)
(2, 1931)
(2, 1934)
(2, 1935)
(2, 1938)
(2, 1942)
(2, 1944)
(2, 1950)
(2, 1952)
(2, 1956)
(2, 1958)
(2, 1959)
(2, 1960)
(2, 1962)
(2, 1963)
(2, 1964)
(2, 1965)
(2, 1969)
(2, 1970)
(2, 1971)
(2, 1972)
(2, 1974)
(2, 1975)
(2, 1978)
(2, 1979)
(2, 1981)
(2, 1983)
(2, 1984)
(2, 1988)
(2, 1989)
(2, 1990)
(2, 1992)
(2, 1997)
(2, 2000)
(3, 2)
(3, 5)
(3, 6)
(3, 11)
(3, 14)
(3, 17)
(3, 18)
(3, 19)
(3, 20)
(3, 22)
(3, 26)
(3, 28)
(3, 30)
(3, 32)
(3, 33)
(3, 36)
(3, 38)
(3, 40)
(3, 44)
(3, 45)
(3, 46)
(3, 51)
(3, 52)
(3, 53)
(3, 62)
(3, 64)
(3, 66)
(3, 68)
(3, 71)
(3, 72)
(3, 73)
(3, 74)
(3, 78)
(3, 80)
(3, 82)
(3, 84)
(3, 86)
(3, 87)
(3, 88)
(3, 93)
(3, 94)
(3, 95)
(3, 96)
(3, 100)
(3, 101)
(3, 106)
(3, 108)
(3, 114)
(3, 115)
(3, 116)
(3, 120)
(3, 121)
(3, 124)
(3, 127)
(3, 128)
(3, 133)
(3, 134)
(3, 137)
(3, 138)
(3, 140)
(3, 141)
(3, 145)
(3, 148)
(3, 149)
(3, 150)
(3, 157)
(3, 158)
(3, 161)
(3, 162)
(3, 163)
(3, 164)
(3, 166)
(3, 168)
(3, 169)
(3, 170)
(3, 171)
(3, 172)
(3, 181)
(3, 186)
(3, 188)
(3, 189)
(3, 193)
(3, 196)
(3, 197)
(3, 198)
(3, 200)
(3, 201)
(3, 202)
(3, 203)
(3, 207)
(3, 208)
(3, 215)
(3, 216)
(3, 217)
(3, 218)
(3, 223)
(3, 224)
(3, 228)
(3, 229)
(3, 237)
(3, 241)
(3, 245)
(3, 246)
(3, 249)
(3, 256)
(3, 257)
(3, 260)
(3, 261)
(3, 262)
(3, 265)
(3, 266)
(3, 267)
(3, 270)
(3, 276)
(3, 278)
(3, 282)
(3, 286)
(3, 288)
(3, 289)
(3, 293)
(3, 297)
(3, 298)
(3, 300)
(3, 303)
(3, 305)
(3, 307)
(3, 308)
(3, 309)
(3, 313)
(3, 315)
(3, 318)
(3, 319)
(3, 322)
(3, 324)
(3, 325)
(3, 326)
(3, 330)
(3, 333)
(3, 345)
(3, 352)
(3, 353)
(3, 355)
(3, 358)
(3, 361)
(3, 362)
(3, 363)
(3, 364)
(3, 368)
(3, 369)
(3, 370)
(3, 373)
(3, 375)
(3, 379)
(3, 384)
(3, 386)
(3, 390)
(3, 391)
(3, 392)
(3, 394)
(3, 396)
(3, 400)
(3, 401)
(3, 402)
(3, 403)
(3, 404)
(3, 405)
(3, 406)
(3, 408)
(3, 415)
(3, 419)
(3, 427)
(3, 428)
(3, 429)
(3, 430)
(3, 431)
(3, 432)
(3, 433)
(3, 439)
(3, 444)
(3, 446)
(3, 449)
(3, 453)
(3, 454)
(3, 462)
(3, 464)
(3, 466)
(3, 467)
(3, 468)
(3, 473)
(3, 475)
(3, 479)
(3, 486)
(3, 488)
(3, 489)
(3, 491)
(3, 492)
(3, 495)
(3, 499)
(3, 505)
(3, 506)
(3, 514)
(3, 515)
(3, 517)
(3, 519)
(3, 523)
(3, 524)
(3, 525)
(3, 528)
(3, 529)
(3, 530)
(3, 532)
(3, 536)
(3, 539)
(3, 541)
(3, 542)
(3, 544)
(3, 547)
(3, 548)
(3, 549)
(3, 552)
(3, 558)
(3, 559)
(3, 562)
(3, 563)
(3, 564)
(3, 565)
(3, 566)
(3, 567)
(3, 568)
(3, 571)
(3, 573)
(3, 574)
(3, 575)
(3, 578)
(3, 579)
(3, 580)
(3, 581)
(3, 582)
(3, 584)
(3, 595)
(3, 597)
(3, 599)
(3, 603)
(3, 606)
(3, 607)
(3, 608)
(3, 609)
(3, 610)
(3, 612)
(3, 614)
(3, 618)
(3, 619)
(3, 622)
(3, 624)
(3, 627)
(3, 628)
(3, 629)
(3, 631)
(3, 632)
(3, 635)
(3, 636)
(3, 640)
(3, 645)
(3, 649)
(3, 651)
(3, 652)
(3, 653)
(3, 655)
(3, 656)
(3, 657)
(3, 659)
(3, 660)
(3, 662)
(3, 663)
(3, 668)
(3, 671)
(3, 680)
(3, 682)
(3, 686)
(3, 688)
(3, 689)
(3, 694)
(3, 695)
(3, 697)
(3, 698)
(3, 699)
(3, 702)
(3, 705)
(3, 707)
(3, 709)
(3, 714)
(3, 717)
(3, 719)
(3, 732)
(3, 736)
(3, 738)
(3, 740)
(3, 741)
(3, 743)
(3, 744)
(3, 746)
(3, 747)
(3, 748)
(3, 750)
(3, 751)
(3, 753)
(3, 754)
(3, 757)
(3, 759)
(3, 761)
(3, 762)
(3, 764)
(3, 765)
(3, 767)
(3, 770)
(3, 773)
(3, 774)
(3, 777)
(3, 780)
(3, 781)
(3, 783)
(3, 784)
(3, 785)
(3, 790)
(3, 791)
(3, 792)
(3, 793)
(3, 795)
(3, 799)
(3, 800)
(3, 801)
(3, 803)
(3, 807)
(3, 811)
(3, 815)
(3, 816)
(3, 819)
(3, 821)
(3, 824)
(3, 825)
(3, 827)
(3, 831)
(3, 835)
(3, 837)
(3, 838)
(3, 842)
(3, 843)
(3, 848)
(3, 853)
(3, 856)
(3, 857)
(3, 860)
(3, 861)
(3, 862)
(3, 863)
(3, 866)
(3, 868)
(3, 869)
(3, 870)
(3, 880)
(3, 881)
(3, 883)
(3, 885)
(3, 886)
(3, 888)
(3, 889)
(3, 890)
(3, 891)
(3, 893)
(3, 899)
(3, 901)
(3, 905)
(3, 906)
(3, 908)
(3, 909)
(3, 910)
(3, 912)
(3, 915)
(3, 917)
(3, 919)
(3, 920)
(3, 922)
(3, 925)
(3, 926)
(3, 927)
(3, 928)
(3, 929)
(3, 931)
(3, 935)
(3, 936)
(3, 937)
(3, 938)
(3, 940)
(3, 941)
(3, 942)
(3, 943)
(3, 944)
(3, 945)
(3, 949)
(3, 954)
(3, 955)
(3, 957)
(3, 960)
(3, 964)
(3, 966)
(3, 970)
(3, 975)
(3, 978)
(3, 982)
(3, 983)
(3, 984)
(3, 988)
(3, 990)
(3, 992)
(3, 993)
(3, 994)
(3, 997)
(3, 1002)
(3, 1005)
(3, 1006)
(3, 1007)
(3, 1010)
(3, 1011)
(3, 1014)
(3, 1025)
(3, 1027)
(3, 1028)
(3, 1030)
(3, 1032)
(3, 1036)
(3, 1037)
(3, 1040)
(3, 1041)
(3, 1046)
(3, 1047)
(3, 1048)
(3, 1050)
(3, 1052)
(3, 1053)
(3, 1059)
(3, 1061)
(3, 1062)
(3, 1066)
(3, 1068)
(3, 1071)
(3, 1072)
(3, 1075)
(3, 1078)
(3, 1079)
(3, 1081)
(3, 1083)
(3, 1086)
(3, 1088)
(3, 1089)
(3, 1091)
(3, 1095)
(3, 1096)
(3, 1097)
(3, 1098)
(3, 1100)
(3, 1101)
(3, 1102)
(3, 1104)
(3, 1108)
(3, 1110)
(3, 1113)
(3, 1115)
(3, 1117)
(3, 1118)
(3, 1120)
(3, 1121)
(3, 1122)
(3, 1124)
(3, 1125)
(3, 1129)
(3, 1132)
(3, 1134)
(3, 1136)
(3, 1137)
(3, 1139)
(3, 1141)
(3, 1143)
(3, 1145)
(3, 1146)
(3, 1147)
(3, 1150)
(3, 1151)
(3, 1153)
(3, 1154)
(3, 1157)
(3, 1158)
(3, 1161)
(3, 1164)
(3, 1168)
(3, 1174)
(3, 1175)
(3, 1176)
(3, 1178)
(3, 1179)
(3, 1181)
(3, 1182)
(3, 1184)
(3, 1187)
(3, 1188)
(3, 1190)
(3, 1191)
(3, 1195)
(3, 1198)
(3, 1201)
(3, 1202)
(3, 1203)
(3, 1205)
(3, 1206)
(3, 1210)
(3, 1211)
(3, 1213)
(3, 1216)
(3, 1217)
(3, 1218)
(3, 1220)
(3, 1221)
(3, 1223)
(3, 1225)
(3, 1227)
(3, 1229)
(3, 1231)
(3, 1233)
(3, 1235)
(3, 1236)
(3, 1240)
(3, 1242)
(3, 1243)
(3, 1244)
(3, 1245)
(3, 1247)
(3, 1248)
(3, 1250)
(3, 1251)
(3, 1253)
(3, 1255)
(3, 1259)
(3, 1260)
(3, 1262)
(3, 1263)
(3, 1264)
(3, 1265)
(3, 1269)
(3, 1270)
(3, 1271)
(3, 1272)
(3, 1274)
(3, 1275)
(3, 1279)
(3, 1280)
(3, 1283)
(3, 1284)
(3, 1287)
(3, 1290)
(3, 1291)
(3, 1292)
(3, 1295)
(3, 1299)
(3, 1300)
(3, 1301)
(3, 1303)
(3, 1308)
(3, 1309)
(3, 1312)
(3, 1315)
(3, 1317)
(3, 1319)
(3, 1320)
(3, 1324)
(3, 1327)
(3, 1328)
(3, 1331)
(3, 1332)
(3, 1333)
(3, 1335)
(3, 1341)
(3, 1343)
(3, 1344)
(3, 1349)
(3, 1352)
(3, 1353)
(3, 1354)
(3, 1356)
(3, 1362)
(3, 1367)
(3, 1368)
(3, 1371)
(3, 1375)
(3, 1377)
(3, 1378)
(3, 1379)
(3, 1381)
(3, 1382)
(3, 1383)
(3, 1384)
(3, 1389)
(3, 1393)
(3, 1395)
(3, 1396)
(3, 1397)
(3, 1398)
(3, 1400)
(3, 1403)
(3, 1404)
(3, 1405)
(3, 1406)
(3, 1407)
(3, 1408)
(3, 1409)
(3, 1412)
(3, 1413)
(3, 1415)
(3, 1417)
(3, 1418)
(3, 1419)
(3, 1420)
(3, 1421)
(3, 1422)
(3, 1424)
(3, 1425)
(3, 1428)
(3, 1433)
(3, 1438)
(3, 1442)
(3, 1443)
(3, 1444)
(3, 1445)
(3, 1446)
(3, 1447)
(3, 1449)
(3, 1450)
(3, 1451)
(3, 1452)
(3, 1453)
(3, 1454)
(3, 1456)
(3, 1458)
(3, 1459)
(3, 1461)
(3, 1462)
(3, 1463)
(3, 1469)
(3, 1470)
(3, 1476)
(3, 1479)
(3, 1486)
(3, 1488)
(3, 1493)
(3, 1497)
(3, 1498)
(3, 1501)
(3, 1502)
(3, 1503)
(3, 1506)
(3, 1509)
(3, 1510)
(3, 1513)
(3, 1515)
(3, 1516)
(3, 1518)
(3, 1521)
(3, 1522)
(3, 1523)
(3, 1524)
(3, 1526)
(3, 1530)
(3, 1535)
(3, 1537)
(3, 1541)
(3, 1544)
(3, 1547)
(3, 1553)
(3, 1555)
(3, 1556)
(3, 1557)
(3, 1561)
(3, 1567)
(3, 1568)
(3, 1571)
(3, 1573)
(3, 1574)
(3, 1578)
(3, 1579)
(3, 1581)
(3, 1582)
(3, 1583)
(3, 1585)
(3, 1586)
(3, 1591)
(3, 1596)
(3, 1597)
(3, 1599)
(3, 1609)
(3, 1612)
(3, 1615)
(3, 1618)
(3, 1619)
(3, 1620)
(3, 1621)
(3, 1624)
(3, 1625)
(3, 1626)
(3, 1627)
(3, 1632)
(3, 1633)
(3, 1634)
(3, 1641)
(3, 1642)
(3, 1643)
(3, 1644)
(3, 1654)
(3, 1661)
(3, 1665)
(3, 1668)
(3, 1670)
(3, 1671)
(3, 1674)
(3, 1675)
(3, 1676)
(3, 1679)
(3, 1685)
(3, 1686)
(3, 1689)
(3, 1695)
(3, 1696)
(3, 1699)
(3, 1700)
(3, 1702)
(3, 1707)
(3, 1708)
(3, 1709)
(3, 1712)
(3, 1715)
(3, 1718)
(3, 1721)
(3, 1725)
(3, 1729)
(3, 1732)
(3, 1734)
(3, 1738)
(3, 1739)
(3, 1742)
(3, 1743)
(3, 1745)
(3, 1747)
(3, 1753)
(3, 1755)
(3, 1757)
(3, 1759)
(3, 1761)
(3, 1762)
(3, 1764)
(3, 1766)
(3, 1767)
(3, 1769)
(3, 1771)
(3, 1773)
(3, 1774)
(3, 1775)
(3, 1777)
(3, 1780)
(3, 1782)
(3, 1784)
(3, 1786)
(3, 1787)
(3, 1788)
(3, 1794)
(3, 1795)
(3, 1802)
(3, 1803)
(3, 1804)
(3, 1807)
(3, 1812)
(3, 1814)
(3, 1815)
(3, 1817)
(3, 1823)
(3, 1824)
(3, 1825)
(3, 1826)
(3, 1827)
(3, 1828)
(3, 1830)
(3, 1834)
(3, 1837)
(3, 1842)
(3, 1844)
(3, 1848)
(3, 1852)
(3, 1853)
(3, 1857)
(3, 1858)
(3, 1862)
(3, 1867)
(3, 1868)
(3, 1869)
(3, 1872)
(3, 1873)
(3, 1874)
(3, 1878)
(3, 1879)
(3, 1880)
(3, 1882)
(3, 1884)
(3, 1886)
(3, 1888)
(3, 1889)
(3, 1890)
(3, 1898)
(3, 1899)
(3, 1900)
(3, 1902)
(3, 1906)
(3, 1908)
(3, 1909)
(3, 1910)
(3, 1911)
(3, 1913)
(3, 1917)
(3, 1919)
(3, 1926)
(3, 1928)
(3, 1930)
(3, 1931)
(3, 1932)
(3, 1934)
(3, 1937)
(3, 1938)
(3, 1941)
(3, 1947)
(3, 1948)
(3, 1953)
(3, 1955)
(3, 1956)
(3, 1957)
(3, 1960)
(3, 1964)
(3, 1975)
(3, 1976)
(3, 1977)
(3, 1979)
(3, 1980)
(3, 1982)
(3, 1985)
(3, 1987)
(3, 1990)
(3, 1991)
(3, 1992)
(3, 1995)
(3, 1997)
(3, 2000)
(4, 3)
(4, 6)
(4, 7)
(4, 11)
(4, 12)
(4, 21)
(4, 25)
(4, 26)
(4, 28)
(4, 29)
(4, 31)
(4, 32)
(4, 33)
(4, 34)
(4, 35)
(4, 41)
(4, 43)
(4, 44)
(4, 45)
(4, 46)
(4, 50)
(4, 51)
(4, 52)
(4, 53)
(4, 57)
(4, 62)
(4, 66)
(4, 70)
(4, 71)
(4, 75)
(4, 76)
(4, 78)
(4, 82)
(4, 83)
(4, 84)
(4, 87)
(4, 97)
(4, 98)
(4, 103)
(4, 104)
(4, 112)
(4, 113)
(4, 114)
(4, 116)
(4, 117)
(4, 118)
(4, 120)
(4, 122)
(4, 129)
(4, 130)
(4, 132)
(4, 134)
(4, 139)
(4, 142)
(4, 144)
(4, 147)
(4, 149)
(4, 150)
(4, 152)
(4, 153)
(4, 154)
(4, 158)
(4, 162)
(4, 170)
(4, 174)
(4, 177)
(4, 180)
(4, 186)
(4, 192)
(4, 194)
(4, 195)
(4, 199)
(4, 202)
(4, 205)
(4, 206)
(4, 208)
(4, 210)
(4, 211)
(4, 213)
(4, 223)
(4, 224)
(4, 225)
(4, 226)
(4, 227)
(4, 232)
(4, 242)
(4, 244)
(4, 245)
(4, 251)
(4, 252)
(4, 254)
(4, 256)
(4, 260)
(4, 264)
(4, 269)
(4, 271)
(4, 273)
(4, 277)
(4, 279)
(4, 280)
(4, 281)
(4, 283)
(4, 288)
(4, 290)
(4, 292)
(4, 293)
(4, 294)
(4, 295)
(4, 305)
(4, 307)
(4, 311)
(4, 312)
(4, 314)
(4, 317)
(4, 319)
(4, 320)
(4, 323)
(4, 324)
(4, 327)
(4, 328)
(4, 332)
(4, 333)
(4, 338)
(4, 340)
(4, 341)
(4, 342)
(4, 343)
(4, 344)
(4, 348)
(4, 351)
(4, 355)
(4, 358)
(4, 360)
(4, 361)
(4, 362)
(4, 363)
(4, 366)
(4, 367)
(4, 368)
(4, 373)
(4, 380)
(4, 381)
(4, 382)
(4, 383)
(4, 386)
(4, 388)
(4, 391)
(4, 394)
(4, 395)
(4, 398)
(4, 404)
(4, 410)
(4, 411)
(4, 412)
(4, 414)
(4, 415)
(4, 419)
(4, 420)
(4, 424)
(4, 427)
(4, 430)
(4, 434)
(4, 437)
(4, 438)
(4, 442)
(4, 446)
(4, 447)
(4, 448)
(4, 449)
(4, 454)
(4, 457)
(4, 458)
(4, 461)
(4, 465)
(4, 466)
(4, 467)
(4, 472)
(4, 473)
(4, 478)
(4, 483)
(4, 484)
(4, 485)
(4, 487)
(4, 495)
(4, 496)
(4, 499)
(4, 500)
(4, 503)
(4, 506)
(4, 511)
(4, 513)
(4, 516)
(4, 518)
(4, 522)
(4, 524)
(4, 525)
(4, 536)
(4, 539)
(4, 542)
(4, 543)
(4, 544)
(4, 547)
(4, 548)
(4, 550)
(4, 551)
(4, 556)
(4, 557)
(4, 558)
(4, 563)
(4, 564)
(4, 567)
(4, 568)
(4, 570)
(4, 574)
(4, 578)
(4, 579)
(4, 580)
(4, 581)
(4, 583)
(4, 584)
(4, 586)
(4, 587)
(4, 591)
(4, 593)
(4, 594)
(4, 598)
(4, 599)
(4, 601)
(4, 603)
(4, 605)
(4, 609)
(4, 610)
(4, 611)
(4, 613)
(4, 615)
(4, 618)
(4, 620)
(4, 622)
(4, 624)
(4, 628)
(4, 630)
(4, 632)
(4, 634)
(4, 639)
(4, 640)
(4, 642)
(4, 644)
(4, 646)
(4, 647)
(4, 649)
(4, 651)
(4, 652)
(4, 654)
(4, 656)
(4, 659)
(4, 660)
(4, 661)
(4, 662)
(4, 664)
(4, 665)
(4, 666)
(4, 667)
(4, 668)
(4, 671)
(4, 674)
(4, 677)
(4, 678)
(4, 682)
(4, 684)
(4, 686)
(4, 690)
(4, 692)
(4, 693)
(4, 703)
(4, 705)
(4, 707)
(4, 709)
(4, 712)
(4, 713)
(4, 715)
(4, 716)
(4, 721)
(4, 723)
(4, 725)
(4, 727)
(4, 737)
(4, 739)
(4, 741)
(4, 745)
(4, 746)
(4, 751)
(4, 756)
(4, 757)
(4, 758)
(4, 762)
(4, 763)
(4, 764)
(4, 765)
(4, 768)
(4, 770)
(4, 771)
(4, 774)
(4, 778)
(4, 782)
(4, 783)
(4, 785)
(4, 786)
(4, 788)
(4, 791)
(4, 792)
(4, 796)
(4, 797)
(4, 799)
(4, 801)
(4, 804)
(4, 806)
(4, 811)
(4, 815)
(4, 816)
(4, 822)
(4, 830)
(4, 834)
(4, 835)
(4, 837)
(4, 838)
(4, 840)
(4, 842)
(4, 845)
(4, 846)
(4, 849)
(4, 850)
(4, 851)
(4, 852)
(4, 853)
(4, 854)
(4, 856)
(4, 857)
(4, 859)
(4, 860)
(4, 862)
(4, 864)
(4, 865)
(4, 867)
(4, 872)
(4, 873)
(4, 875)
(4, 876)
(4, 877)
(4, 878)
(4, 884)
(4, 886)
(4, 888)
(4, 894)
(4, 895)
(4, 900)
(4, 902)
(4, 906)
(4, 907)
(4, 908)
(4, 911)
(4, 913)
(4, 914)
(4, 916)
(4, 918)
(4, 919)
(4, 920)
(4, 925)
(4, 927)
(4, 928)
(4, 929)
(4, 932)
(4, 933)
(4, 938)
(4, 940)
(4, 941)
(4, 942)
(4, 943)
(4, 947)
(4, 950)
(4, 956)
(4, 959)
(4, 963)
(4, 964)
(4, 966)
(4, 967)
(4, 968)
(4, 969)
(4, 970)
(4, 973)
(4, 974)
(4, 976)
(4, 980)
(4, 981)
(4, 982)
(4, 987)
(4, 988)
(4, 991)
(4, 996)
(4, 999)
(4, 1002)
(4, 1004)
(4, 1005)
(4, 1007)
(4, 1008)
(4, 1010)
(4, 1012)
(4, 1013)
(4, 1015)
(4, 1016)
(4, 1019)
(4, 1022)
(4, 1023)
(4, 1024)
(4, 1027)
(4, 1028)
(4, 1029)
(4, 1030)
(4, 1031)
(4, 1037)
(4, 1039)
(4, 1040)
(4, 1041)
(4, 1043)
(4, 1044)
(4, 1047)
(4, 1051)
(4, 1057)
(4, 1063)
(4, 1064)
(4, 1065)
(4, 1068)
(4, 1071)
(4, 1072)
(4, 1073)
(4, 1075)
(4, 1080)
(4, 1085)
(4, 1088)
(4, 1089)
(4, 1099)
(4, 1100)
(4, 1102)
(4, 1104)
(4, 1106)
(4, 1107)
(4, 1108)
(4, 1109)
(4, 1110)
(4, 1111)
(4, 1114)
(4, 1117)
(4, 1119)
(4, 1120)
(4, 1122)
(4, 1123)
(4, 1124)
(4, 1127)
(4, 1129)
(4, 1134)
(4, 1136)
(4, 1140)
(4, 1141)
(4, 1145)
(4, 1146)
(4, 1147)
(4, 1151)
(4, 1152)
(4, 1153)
(4, 1154)
(4, 1155)
(4, 1156)
(4, 1158)
(4, 1160)
(4, 1166)
(4, 1167)
(4, 1172)
(4, 1174)
(4, 1175)
(4, 1176)
(4, 1177)
(4, 1178)
(4, 1179)
(4, 1183)
(4, 1188)
(4, 1189)
(4, 1191)
(4, 1198)
(4, 1199)
(4, 1201)
(4, 1204)
(4, 1208)
(4, 1209)
(4, 1212)
(4, 1213)
(4, 1217)
(4, 1222)
(4, 1223)
(4, 1228)
(4, 1231)
(4, 1232)
(4, 1234)
(4, 1236)
(4, 1238)
(4, 1239)
(4, 1240)
(4, 1241)
(4, 1244)
(4, 1250)
(4, 1252)
(4, 1254)
(4, 1256)
(4, 1257)
(4, 1259)
(4, 1260)
(4, 1261)
(4, 1263)
(4, 1265)
(4, 1266)
(4, 1267)
(4, 1269)
(4, 1270)
(4, 1271)
(4, 1277)
(4, 1281)
(4, 1282)
(4, 1283)
(4, 1284)
(4, 1285)
(4, 1290)
(4, 1291)
(4, 1292)
(4, 1293)
(4, 1295)
(4, 1296)
(4, 1299)
(4, 1302)
(4, 1304)
(4, 1308)
(4, 1309)
(4, 1310)
(4, 1311)
(4, 1313)
(4, 1314)
(4, 1317)
(4, 1319)
(4, 1320)
(4, 1322)
(4, 1323)
(4, 1328)
(4, 1329)
(4, 1332)
(4, 1333)
(4, 1335)
(4, 1339)
(4, 1343)
(4, 1345)
(4, 1346)
(4, 1348)
(4, 1356)
(4, 1359)
(4, 1360)
(4, 1364)
(4, 1367)
(4, 1368)
(4, 1371)
(4, 1372)
(4, 1375)
(4, 1377)
(4, 1379)
(4, 1383)
(4, 1384)
(4, 1385)
(4, 1390)
(4, 1391)
(4, 1394)
(4, 1397)
(4, 1401)
(4, 1404)
(4, 1405)
(4, 1409)
(4, 1411)
(4, 1413)
(4, 1417)
(4, 1419)
(4, 1421)
(4, 1422)
(4, 1423)
(4, 1425)
(4, 1426)
(4, 1428)
(4, 1430)
(4, 1431)
(4, 1432)
(4, 1433)
(4, 1436)
(4, 1437)
(4, 1440)
(4, 1441)
(4, 1443)
(4, 1447)
(4, 1448)
(4, 1449)
(4, 1454)
(4, 1455)
(4, 1456)
(4, 1459)
(4, 1462)
(4, 1463)
(4, 1466)
(4, 1468)
(4, 1471)
(4, 1476)
(4, 1477)
(4, 1478)
(4, 1479)
(4, 1480)
(4, 1481)
(4, 1490)
(4, 1491)
(4, 1494)
(4, 1498)
(4, 1501)
(4, 1507)
(4, 1510)
(4, 1512)
(4, 1514)
(4, 1517)
(4, 1519)
(4, 1520)
(4, 1524)
(4, 1526)
(4, 1531)
(4, 1532)
(4, 1536)
(4, 1538)
(4, 1539)
(4, 1540)
(4, 1545)
(4, 1546)
(4, 1551)
(4, 1555)
(4, 1556)
(4, 1557)
(4, 1562)
(4, 1563)
(4, 1564)
(4, 1565)
(4, 1566)
(4, 1568)
(4, 1571)
(4, 1573)
(4, 1575)
(4, 1581)
(4, 1583)
(4, 1585)
(4, 1586)
(4, 1588)
(4, 1591)
(4, 1592)
(4, 1595)
(4, 1598)
(4, 1599)
(4, 1604)
(4, 1607)
(4, 1609)
(4, 1615)
(4, 1616)
(4, 1618)
(4, 1621)
(4, 1622)
(4, 1623)
(4, 1624)
(4, 1626)
(4, 1627)
(4, 1630)
(4, 1634)
(4, 1636)
(4, 1637)
(4, 1640)
(4, 1642)
(4, 1647)
(4, 1648)
(4, 1649)
(4, 1650)
(4, 1653)
(4, 1654)
(4, 1656)
(4, 1657)
(4, 1663)
(4, 1666)
(4, 1667)
(4, 1669)
(4, 1671)
(4, 1672)
(4, 1675)
(4, 1676)
(4, 1678)
(4, 1680)
(4, 1683)
(4, 1684)
(4, 1685)
(4, 1686)
(4, 1692)
(4, 1693)
(4, 1695)
(4, 1698)
(4, 1703)
(4, 1704)
(4, 1705)
(4, 1706)
(4, 1708)
(4, 1714)
(4, 1715)
(4, 1716)
(4, 1718)
(4, 1719)
(4, 1720)
(4, 1724)
(4, 1726)
(4, 1727)
(4, 1731)
(4, 1732)
(4, 1734)
(4, 1737)
(4, 1738)
(4, 1740)
(4, 1741)
(4, 1747)
(4, 1748)
(4, 1749)
(4, 1750)
(4, 1752)
(4, 1753)
(4, 1754)
(4, 1755)
(4, 1761)
(4, 1763)
(4, 1764)
(4, 1769)
(4, 1770)
(4, 1771)
(4, 1779)
(4, 1780)
(4, 1781)
(4, 1786)
(4, 1791)
(4, 1793)
(4, 1795)
(4, 1796)
(4, 1798)
(4, 1800)
(4, 1801)
(4, 1804)
(4, 1805)
(4, 1807)
(4, 1808)
(4, 1809)
(4, 1811)
(4, 1812)
(4, 1814)
(4, 1817)
(4, 1818)
(4, 1819)
(4, 1820)
(4, 1821)
(4, 1823)
(4, 1826)
(4, 1828)
(4, 1830)
(4, 1833)
(4, 1838)
(4, 1841)
(4, 1842)
(4, 1843)
(4, 1847)
(4, 1851)
(4, 1857)
(4, 1860)
(4, 1862)
(4, 1866)
(4, 1867)
(4, 1870)
(4, 1881)
(4, 1882)
(4, 1885)
(4, 1891)
(4, 1895)
(4, 1896)
(4, 1897)
(4, 1900)
(4, 1901)
(4, 1902)
(4, 1904)
(4, 1905)
(4, 1906)
(4, 1909)
(4, 1910)
(4, 1911)
(4, 1913)
(4, 1916)
(4, 1921)
(4, 1923)
(4, 1924)
(4, 1926)
(4, 1930)
(4, 1931)
(4, 1932)
(4, 1934)
(4, 1936)
(4, 1937)
(4, 1940)
(4, 1941)
(4, 1943)
(4, 1946)
(4, 1947)
(4, 1950)
(4, 1953)
(4, 1955)
(4, 1958)
(4, 1960)
(4, 1961)
(4, 1962)
(4, 1963)
(4, 1964)
(4, 1966)
(4, 1971)
(4, 1976)
(4, 1978)
(4, 1980)
(4, 1981)
(4, 1984)
(4, 1987)
(4, 1991)
(4, 1992)
(4, 1993)
(4, 1995)
(4, 1997)
(4, 2000)
(5, 2)
(5, 3)
(5, 8)
(5, 10)
(5, 12)
(5, 13)
(5, 15)
(5, 16)
(5, 19)
(5, 22)
(5, 23)
(5, 25)
(5, 30)
(5, 32)
(5, 37)
(5, 43)
(5, 47)
(5, 48)
(5, 49)
(5, 50)
(5, 56)
(5, 57)
(5, 58)
(5, 60)
(5, 61)
(5, 68)
(5, 69)
(5, 71)
(5, 72)
(5, 73)
(5, 79)
(5, 81)
(5, 83)
(5, 84)
(5, 89)
(5, 93)
(5, 94)
(5, 95)
(5, 96)
(5, 105)
(5, 106)
(5, 107)
(5, 113)
(5, 115)
(5, 116)
(5, 118)
(5, 121)
(5, 124)
(5, 125)
(5, 128)
(5, 129)
(5, 136)
(5, 138)
(5, 145)
(5, 147)
(5, 149)
(5, 150)
(5, 151)
(5, 153)
(5, 154)
(5, 155)
(5, 156)
(5, 159)
(5, 160)
(5, 161)
(5, 167)
(5, 173)
(5, 175)
(5, 179)
(5, 181)
(5, 185)
(5, 186)
(5, 190)
(5, 191)
(5, 193)
(5, 198)
(5, 199)
(5, 200)
(5, 202)
(5, 210)
(5, 211)
(5, 212)
(5, 214)
(5, 216)
(5, 223)
(5, 224)
(5, 228)
(5, 232)
(5, 233)
(5, 234)
(5, 235)
(5, 237)
(5, 238)
(5, 240)
(5, 242)
(5, 244)
(5, 250)
(5, 254)
(5, 257)
(5, 258)
(5, 261)
(5, 264)
(5, 265)
(5, 266)
(5, 269)
(5, 272)
(5, 274)
(5, 279)
(5, 280)
(5, 281)
(5, 282)
(5, 285)
(5, 286)
(5, 288)
(5, 291)
(5, 292)
(5, 293)
(5, 297)
(5, 300)
(5, 304)
(5, 305)
(5, 307)
(5, 308)
(5, 310)
(5, 311)
(5, 312)
(5, 313)
(5, 314)
(5, 317)
(5, 320)
(5, 321)
(5, 322)
(5, 323)
(5, 324)
(5, 328)
(5, 329)
(5, 331)
(5, 332)
(5, 335)
(5, 336)
(5, 338)
(5, 341)
(5, 346)
(5, 349)
(5, 350)
(5, 352)
(5, 353)
(5, 354)
(5, 356)
(5, 357)
(5, 360)
(5, 362)
(5, 363)
(5, 364)
(5, 365)
(5, 370)
(5, 376)
(5, 378)
(5, 380)
(5, 381)
(5, 383)
(5, 385)
(5, 386)
(5, 387)
(5, 389)
(5, 390)
(5, 396)
(5, 397)
(5, 399)
(5, 400)
(5, 402)
(5, 403)
(5, 404)
(5, 409)
(5, 410)
(5, 412)
(5, 416)
(5, 417)
(5, 418)
(5, 422)
(5, 424)
(5, 430)
(5, 433)
(5, 438)
(5, 439)
(5, 441)
(5, 442)
(5, 445)
(5, 446)
(5, 447)
(5, 448)
(5, 449)
(5, 453)
(5, 454)
(5, 455)
(5, 457)
(5, 458)
(5, 459)
(5, 460)
(5, 461)
(5, 466)
(5, 470)
(5, 471)
(5, 472)
(5, 473)
(5, 475)
(5, 477)
(5, 490)
(5, 491)
(5, 493)
(5, 494)
(5, 498)
(5, 502)
(5, 507)
(5, 509)
(5, 513)
(5, 514)
(5, 515)
(5, 516)
(5, 518)
(5, 519)
(5, 520)
(5, 521)
(5, 523)
(5, 526)
(5, 527)
(5, 533)
(5, 536)
(5, 537)
(5, 542)
(5, 544)
(5, 545)
(5, 546)
(5, 551)
(5, 559)
(5, 560)
(5, 561)
(5, 563)
(5, 564)
(5, 566)
(5, 568)
(5, 573)
(5, 580)
(5, 581)
(5, 582)
(5, 589)
(5, 591)
(5, 592)
(5, 596)
(5, 598)
(5, 601)
(5, 609)
(5, 611)
(5, 613)
(5, 614)
(5, 615)
(5, 616)
(5, 621)
(5, 623)
(5, 626)
(5, 630)
(5, 633)
(5, 634)
(5, 635)
(5, 638)
(5, 639)
(5, 641)
(5, 644)
(5, 647)
(5, 650)
(5, 651)
(5, 653)
(5, 654)
(5, 660)
(5, 662)
(5, 664)
(5, 675)
(5, 677)
(5, 678)
(5, 680)
(5, 683)
(5, 689)
(5, 697)
(5, 698)
(5, 699)
(5, 701)
(5, 702)
(5, 705)
(5, 706)
(5, 708)
(5, 709)
(5, 710)
(5, 711)
(5, 712)
(5, 713)
(5, 714)
(5, 715)
(5, 716)
(5, 720)
(5, 721)
(5, 722)
(5, 724)
(5, 726)
(5, 727)
(5, 730)
(5, 732)
(5, 733)
(5, 734)
(5, 740)
(5, 742)
(5, 743)
(5, 744)
(5, 746)
(5, 751)
(5, 753)
(5, 754)
(5, 756)
(5, 758)
(5, 759)
(5, 761)
(5, 763)
(5, 764)
(5, 767)
(5, 768)
(5, 769)
(5, 770)
(5, 772)
(5, 773)
(5, 775)
(5, 776)
(5, 780)
(5, 781)
(5, 784)
(5, 785)
(5, 792)
(5, 795)
(5, 799)
(5, 802)
(5, 803)
(5, 813)
(5, 816)
(5, 818)
(5, 821)
(5, 832)
(5, 833)
(5, 834)
(5, 835)
(5, 837)
(5, 840)
(5, 843)
(5, 845)
(5, 856)
(5, 859)
(5, 860)
(5, 862)
(5, 867)
(5, 872)
(5, 875)
(5, 877)
(5, 881)
(5, 882)
(5, 883)
(5, 886)
(5, 888)
(5, 889)
(5, 890)
(5, 892)
(5, 893)
(5, 894)
(5, 895)
(5, 897)
(5, 901)
(5, 903)
(5, 904)
(5, 905)
(5, 906)
(5, 910)
(5, 913)
(5, 914)
(5, 916)
(5, 917)
(5, 919)
(5, 920)
(5, 922)
(5, 926)
(5, 927)
(5, 929)
(5, 930)
(5, 931)
(5, 933)
(5, 936)
(5, 937)
(5, 938)
(5, 941)
(5, 942)
(5, 944)
(5, 946)
(5, 947)
(5, 948)
(5, 951)
(5, 955)
(5, 957)
(5, 960)
(5, 961)
(5, 963)
(5, 966)
(5, 970)
(5, 974)
(5, 980)
(5, 986)
(5, 990)
(5, 994)
(5, 995)
(5, 999)
(5, 1000)
(5, 1004)
(5, 1005)
(5, 1008)
(5, 1010)
(5, 1011)
(5, 1012)
(5, 1013)
(5, 1021)
(5, 1023)
(5, 1027)
(5, 1029)
(5, 1034)
(5, 1036)
(5, 1044)
(5, 1045)
(5, 1046)
(5, 1048)
(5, 1051)
(5, 1052)
(5, 1053)
(5, 1062)
(5, 1063)
(5, 1067)
(5, 1068)
(5, 1072)
(5, 1073)
(5, 1075)
(5, 1080)
(5, 1081)
(5, 1082)
(5, 1083)
(5, 1087)
(5, 1088)
(5, 1094)
(5, 1096)
(5, 1100)
(5, 1105)
(5, 1106)
(5, 1107)
(5, 1108)
(5, 1111)
(5, 1113)
(5, 1116)
(5, 1118)
(5, 1119)
(5, 1125)
(5, 1127)
(5, 1128)
(5, 1129)
(5, 1131)
(5, 1132)
(5, 1134)
(5, 1137)
(5, 1142)
(5, 1144)
(5, 1145)
(5, 1146)
(5, 1149)
(5, 1150)
(5, 1151)
(5, 1154)
(5, 1156)
(5, 1162)
(5, 1163)
(5, 1166)
(5, 1171)
(5, 1172)
(5, 1174)
(5, 1177)
(5, 1178)
(5, 1182)
(5, 1186)
(5, 1189)
(5, 1191)
(5, 1192)
(5, 1197)
(5, 1198)
(5, 1201)
(5, 1202)
(5, 1204)
(5, 1205)
(5, 1206)
(5, 1209)
(5, 1210)
(5, 1211)
(5, 1213)
(5, 1214)
(5, 1215)
(5, 1217)
(5, 1218)
(5, 1219)
(5, 1223)
(5, 1225)
(5, 1226)
(5, 1234)
(5, 1238)
(5, 1239)
(5, 1242)
(5, 1245)
(5, 1247)
(5, 1249)
(5, 1251)
(5, 1253)
(5, 1256)
(5, 1257)
(5, 1259)
(5, 1261)
(5, 1263)
(5, 1265)
(5, 1266)
(5, 1268)
(5, 1270)
(5, 1271)
(5, 1272)
(5, 1273)
(5, 1274)
(5, 1275)
(5, 1276)
(5, 1279)
(5, 1281)
(5, 1283)
(5, 1287)
(5, 1289)
(5, 1292)
(5, 1294)
(5, 1295)
(5, 1301)
(5, 1305)
(5, 1306)
(5, 1310)
(5, 1312)
(5, 1313)
(5, 1314)
(5, 1318)
(5, 1320)
(5, 1321)
(5, 1322)
(5, 1324)
(5, 1325)
(5, 1328)
(5, 1331)
(5, 1334)
(5, 1336)
(5, 1338)
(5, 1339)
(5, 1340)
(5, 1351)
(5, 1359)
(5, 1360)
(5, 1362)
(5, 1365)
(5, 1366)
(5, 1368)
(5, 1370)
(5, 1373)
(5, 1374)
(5, 1376)
(5, 1377)
(5, 1378)
(5, 1379)
(5, 1382)
(5, 1383)
(5, 1384)
(5, 1385)
(5, 1387)
(5, 1389)
(5, 1391)
(5, 1394)
(5, 1396)
(5, 1403)
(5, 1406)
(5, 1407)
(5, 1408)
(5, 1410)
(5, 1411)
(5, 1412)
(5, 1415)
(5, 1418)
(5, 1419)
(5, 1420)
(5, 1422)
(5, 1423)
(5, 1425)
(5, 1426)
(5, 1427)
(5, 1429)
(5, 1431)
(5, 1433)
(5, 1435)
(5, 1439)
(5, 1440)
(5, 1444)
(5, 1445)
(5, 1447)
(5, 1448)
(5, 1451)
(5, 1454)
(5, 1455)
(5, 1458)
(5, 1459)
(5, 1461)
(5, 1462)
(5, 1464)
(5, 1465)
(5, 1466)
(5, 1469)
(5, 1472)
(5, 1473)
(5, 1481)
(5, 1482)
(5, 1484)
(5, 1487)
(5, 1491)
(5, 1492)
(5, 1493)
(5, 1494)
(5, 1497)
(5, 1500)
(5, 1501)
(5, 1502)
(5, 1514)
(5, 1518)
(5, 1519)
(5, 1520)
(5, 1522)
(5, 1526)
(5, 1528)
(5, 1530)
(5, 1532)
(5, 1538)
(5, 1541)
(5, 1546)
(5, 1547)
(5, 1548)
(5, 1553)
(5, 1556)
(5, 1559)
(5, 1560)
(5, 1561)
(5, 1562)
(5, 1564)
(5, 1572)
(5, 1573)
(5, 1574)
(5, 1581)
(5, 1587)
(5, 1589)
(5, 1596)
(5, 1597)
(5, 1599)
(5, 1605)
(5, 1606)
(5, 1611)
(5, 1614)
(5, 1615)
(5, 1616)
(5, 1621)
(5, 1622)
(5, 1629)
(5, 1630)
(5, 1631)
(5, 1632)
(5, 1633)
(5, 1634)
(5, 1636)
(5, 1640)
(5, 1643)
(5, 1644)
(5, 1647)
(5, 1653)
(5, 1654)
(5, 1655)
(5, 1656)
(5, 1657)
(5, 1659)
(5, 1660)
(5, 1662)
(5, 1663)
(5, 1664)
(5, 1665)
(5, 1666)
(5, 1671)
(5, 1673)
(5, 1674)
(5, 1677)
(5, 1680)
(5, 1682)
(5, 1685)
(5, 1686)
(5, 1687)
(5, 1689)
(5, 1692)
(5, 1695)
(5, 1698)
(5, 1700)
(5, 1702)
(5, 1703)
(5, 1706)
(5, 1708)
(5, 1711)
(5, 1714)
(5, 1717)
(5, 1719)
(5, 1721)
(5, 1728)
(5, 1730)
(5, 1731)
(5, 1732)
(5, 1733)
(5, 1741)
(5, 1744)
(5, 1746)
(5, 1748)
(5, 1751)
(5, 1752)
(5, 1753)
(5, 1754)
(5, 1759)
(5, 1761)
(5, 1765)
(5, 1767)
(5, 1769)
(5, 1771)
(5, 1778)
(5, 1779)
(5, 1782)
(5, 1786)
(5, 1787)
(5, 1790)
(5, 1791)
(5, 1795)
(5, 1798)
(5, 1800)
(5, 1801)
(5, 1806)
(5, 1810)
(5, 1821)
(5, 1823)
(5, 1825)
(5, 1826)
(5, 1829)
(5, 1830)
(5, 1832)
(5, 1833)
(5, 1834)
(5, 1836)
(5, 1843)
(5, 1844)
(5, 1848)
(5, 1849)
(5, 1850)
(5, 1854)
(5, 1856)
(5, 1861)
(5, 1863)
(5, 1866)
(5, 1868)
(5, 1869)
(5, 1871)
(5, 1872)
(5, 1873)
(5, 1874)
(5, 1876)
(5, 1877)
(5, 1879)
(5, 1881)
(5, 1882)
(5, 1884)
(5, 1885)
(5, 1886)
(5, 1888)
(5, 1889)
(5, 1891)
(5, 1895)
(5, 1898)
(5, 1907)
(5, 1910)
(5, 1912)
(5, 1913)
(5, 1921)
(5, 1922)
(5, 1923)
(5, 1927)
(5, 1928)
(5, 1929)
(5, 1930)
(5, 1932)
(5, 1939)
(5, 1941)
(5, 1942)
(5, 1943)
(5, 1944)
(5, 1945)
(5, 1947)
(5, 1952)
(5, 1953)
(5, 1954)
(5, 1955)
(5, 1959)
(5, 1962)
(5, 1969)
(5, 1974)
(5, 1975)
(5, 1976)
(5, 1979)
(5, 1984)
(5, 1986)
(5, 1988)
(5, 1994)
(5, 1997)
(5, 1998)
